1,-185.40463780775667,-134.74045108770693,120
2,-284.1740080568135,-234.55908427391012,59
3,-217.7168111439802,-169.46912039877282,122
4,-173.90097574938534,-122.39359737629653,121
5,-391.4848620857475,-340.9341686895876,97
6,-259.0699216860832,-209.93862038793728,92
7,-95.27086373563995,-45.78761488489934,98
8,-208.5240586146414,-159.58248274698627,105
9,-535.8777794738025,-483.9820594276889,113
10,-207.51308401199563,-157.78352631276977,106
11,-174.65834383257106,-125.98480676106401,60
12,-202.15465030444278,-149.61905147175858,137
13,-157.16514015650748,-107.58852315536494,78
14,-202.40883999565244,-150.00359869823302,110
15,-248.54553697178366,-199.10622949589808,70
16,-355.52479257637265,-306.952916040277,75
17,-215.63842766219375,-165.84700338266478,84
18,-220.5945387537301,-171.20391310704196,61
19,-373.2400090508462,-322.13237145755215,90
20,-160.29339348549246,-109.93943542293624,65
21,29.29831541768067,73.46359460476737,99
22,-146.01339223543405,-95.25924492948687,73
23,-286.807221726086,-231.09533788854333,79
24,-37.09223251149055,12.317382234040323,104
25,-252.36377727790475,-199.89084185179775,99
26,-159.09425525903703,-109.32117067927673,59
27,-190.26033768798112,-137.20623907663918,71
28,-198.1708961755872,-147.51346799944736,58
29,-256.4669285838246,-206.90376614260882,97
30,-133.3408809873283,-83.64224995278853,63
31,-197.002920500584,-145.87713666653588,89
32,-164.4792028716892,-113.80758326232727,65
33,-268.048527524209,-216.60033834376935,91
34,-179.2044523456678,-128.91928044514202,64
35,-149.59986142763324,-125.79000226921524,95
36,-114.0815232365106,-76.64791138665447,60
37,-168.68582829773123,-118.10629489252128,66
38,-171.4264552472472,-121.80692984152556,85
39,-241.5153084123194,-190.6970309132043,108
40,-166.1058255774826,-114.77512321392707,77
41,-274.5959353981987,-221.2779140676176,87
42,-165.42961058386268,-114.56710920159031,86
43,-184.36795852125286,-130.97801278078404,130
44,-166.9320138415218,-114.10417390080012,83
45,-187.7233999177874,-134.10497666817818,109
46,-110.91086066025495,-59.30702511547481,58
47,-274.01095494276876,-224.2766266779932,97
48,-179.06312988971473,-126.7584422717465,59
49,-144.46374144464136,-94.82167255852012,61
50,-214.12037848713402,-163.52106457912845,103
51,-160.93690638743337,-110.70303224515422,96
52,-117.23000332532075,-83.59313407586139,69
53,-229.41926791268668,-174.57796596930012,93
54,-119.41050793476995,-67.06011320601536,106
55,-155.18201486296653,-100.80050047567316,76
56,-184.5676662194727,-131.22116977278984,115
57,-153.11325253690183,-97.06447731186896,71
58,-196.41449489432583,-141.80127578591396,126
59,-163.16530132803052,-116.25948172473693,84
60,-99.21980192012211,-86.64451581559342,97
61,-159.60422708162668,-104.65796851803944,99
62,-136.12639778079992,-81.04988100513009,138
63,-129.1729409393031,-91.63515737329945,81
64,-145.77232165468934,-91.10155046406767,104
65,-194.14907072504158,-139.6296082103266,113
66,-212.5247094155178,-156.0984610948255,107
67,-166.15145283179874,-108.39203181095982,141
68,-148.58122115483877,-96.27456195937538,111
69,-101.292426942202,-53.927507675109055,82
70,-119.76383842579378,-84.79787276342037,87
71,-208.41135157975808,-155.6859468868359,162
72,-156.92735644967368,-108.56781986328613,176
73,-271.52842307715423,-215.5501916269833,133
74,-234.41146909720902,-174.4420287092172,128
75,-159.74888007392926,-114.58941975214088,83
76,-133.52778067563972,-89.45485249536858,119
77,-132.4813767395739,-93.49366042958329,72
78,-308.2503905012518,-246.6885958104424,164
79,-300.2672046852678,-245.90018581686547,132
80,-170.58262433438802,-117.20099968619263,99
81,-227.38501729831614,-178.0510041791805,256
82,-309.7208303018689,-255.96869844926886,105
83,-217.76694282221786,-159.9283088055443,122
84,-322.4928282845319,-263.2336250068846,94
85,-743.3725979373903,-678.367269226286,137
86,-257.833358838409,-199.72940427280446,118
87,2.816044429448766,10.199235116216599,85
88,-65.78950693098938,-32.1970329921226,93
89,-113.9036658105949,-79.35468578333575,68
90,-75.69323096118339,-44.145731271279864,202
91,-126.11903472696248,-81.7119620212641,138
92,-203.8362238661647,-141.81808445969165,97
93,-300.9468726201683,-237.3463074869802,139
94,-112.21725411448112,-72.33759131410423,94
95,-188.85659416266677,-125.2897052769921,120
96,-335.671340560198,-271.7152929591646,115
97,-125.93248751670411,-81.75969892901807,108
98,-211.63906019294254,-151.70030525329759,123
99,-175.15846826632023,-116.28892379557927,100
100,-300.13821495041856,-227.29715378768975,228
101,-184.61815293468527,-125.32977347210486,258
102,-475.4067535949901,-401.9674426014613,178
103,-196.87291670183225,-131.67052899974826,167
104,-363.3221074100436,-292.28118045179815,195
105,-347.4042747475684,-274.84407437735683,216
106,-369.36121464163,-295.70800202813564,226
107,-96.46484792408648,-70.2558564518778,126
108,-197.56666053424618,-138.19609926415828,154
109,-88.91274110000978,-54.06783916372961,125
110,-5.254486650954078,-7.021089390534428,97
111,-277.28294576102496,-204.71730606274596,208
112,-95.87753149892882,-67.45290269147107,99
113,-87.21620477917979,-60.291870529610776,119
114,-369.3138686424435,-306.20665423634125,125
115,-99.33033373517462,-80.67864225025443,77
116,-130.59843190524848,-80.73870736904856,204
117,-230.45826300139493,-175.66897343837815,172
118,-411.2204268995404,-342.77841243842624,164
119,-90.39481784708039,-56.326912634822534,102
120,-243.84761276186697,-182.97948896335663,109
121,-234.35513662978343,-171.60358598785575,99
122,-73.72294320524448,-56.034967161558,110
123,-186.9228929702874,-143.15413776752342,133
124,-71.27135406178708,-53.98522767877776,128
125,-267.75780592727716,-206.6198376174611,224
126,-76.56067070522087,-54.648737134968165,131
127,-122.57871328159638,-87.47474244247587,142
128,-183.84416863023014,-145.56998287253384,127
129,-154.74414765433085,-117.67257230012703,192
130,-370.27603452585026,-287.55384348313737,222
131,-258.2243983386755,-194.15205790950463,118
132,-231.53275142699755,-173.66960720827836,113
133,-208.8347167374452,-144.71327795138197,154
134,-38.408762124337585,-24.78740336282759,85
135,-51.63182851101009,-39.7005840586036,121
136,-28.084268810920573,80.33631040570394,1000
137,-304.53719195312704,-228.45529308211206,119
138,-325.0276872599602,-254.45998730359574,119
139,-44.78538334099357,-29.662326618829667,182
140,-154.45216583031188,-125.16394892122274,139
141,-72.95698638885081,-46.799274503715424,173
142,-100.65005040762992,9.391034404317622,1000
143,-55.95178228868417,-33.078590036898035,139
144,-272.61505803727334,-204.45433411168497,191
145,-405.52321790867416,-322.7564374093631,236
146,-52.353825828259794,-41.11099302564246,107
147,-84.85518936035311,-63.27191265561181,97
148,-81.78228815299501,-73.69518846369597,87
149,-123.94546974683263,-91.18146919859655,123
150,-78.00556548605212,-61.78868974016841,107
151,-95.81689352184534,-79.136462211169,129
152,-27.614705676265558,-16.768552083895074,97
153,-255.65240415019508,-190.16597316415607,209
154,-106.44282857783793,-67.45289894987644,188
155,-212.17313298933252,-156.47509434532614,92
156,-146.67550108173583,-103.6750337311662,187
157,-29.557470889830725,-18.77642788935738,159
158,-30.649281544431723,-17.122544397465475,139
159,-98.2985940333759,-68.79226696489091,239
160,-221.7026311298447,-171.1807618408546,193
161,-60.23365931096865,-45.89233241841711,127
162,-123.82377482272439,-98.66096360623416,177
163,-71.78297156884258,-51.25666056503165,123
164,-339.93726404740926,-247.9872923514275,260
165,-407.407876114249,-323.416733120207,193
166,-336.3066984898445,-258.3650544430187,185
167,-234.63603952509692,-182.33217722514235,175
168,-243.0157168360037,-180.02906749017444,159
169,-143.06439456219837,-88.14372599892238,327
170,-397.5563069972243,-294.28722478686984,369
171,-259.31156370221083,-196.81823089497095,190
172,-482.5370422751366,-377.0138722942863,252
173,-82.83872625180905,-61.76932059717777,171
174,2.954665842616393,20.176078455224925,150
175,-112.86584465126371,-72.27769808000573,216
176,-20.631594984164586,-5.130546171379535,210
177,-117.17758816735781,-86.00918990075368,172
178,-366.9744721074828,-281.1244157205871,252
179,-124.45098934869009,-94.33246998931588,105
180,-29.37519759158812,-8.60659146765775,195
181,-28.56222336578368,-19.88245323575177,125
182,-68.42977297671513,-46.911202095582226,96
183,-43.447018792101275,-29.448786545646385,138
184,-140.40429797304574,-112.31505698505161,135
185,-28.42200774965464,-5.460567516856472,160
186,-452.5296006152929,-363.32815721590777,222
187,-87.4939275273238,-54.32434205076349,140
188,-169.29431298023934,-125.72945379284221,244
189,-198.21354603759298,-140.0860549173671,283
190,-77.46357195514443,-28.527126436108688,313
191,-224.44481998401176,-173.28284662052573,117
192,1.6179736786112215,2.082322841480959,112
193,-149.89419798345745,-106.18794343689936,244
194,-91.2987091257996,-60.58397950322223,217
195,-56.999515230133454,-8.210139982650475,341
196,2.7784464575337466,5.933265463445224,143
197,-328.2060310071845,-159.58945968735736,950
198,-76.69133559511216,-50.880313052523555,254
199,-61.15765779774782,-45.61871855637344,130
200,-8.24989593565347,-4.670895737996162,108
201,-108.86140903257902,-81.96043113035896,189
202,-53.2893177013031,-28.9069275659284,156
203,-132.18965926213698,-113.18895251642117,111
204,-26.983130918007916,-9.540034473003473,148
205,-45.9711365492003,-22.790203481602646,201
206,-145.06566760261313,33.62975447281169,1000
207,-24.343164461864554,-19.20936146058915,108
208,-31.452513897229885,-8.025355062130643,235
209,10.188472775963291,22.199073291538724,199
210,-16.989613856743375,-2.9456996165655767,154
211,-58.23485109787843,-21.45118565809743,283
212,-149.65544453766205,31.037829017991985,1000
213,7.808148495095125,19.172898371425717,195
214,-0.7246889437780482,11.928662713378785,180
215,-20.57671070645751,-8.409133752450813,167
216,-4.132399215098928,1.4524108901282773,124
217,9.728698982875883,13.912013049050785,160
218,-30.039511384138628,-20.916659563971805,181
219,-101.3353459486084,-62.34057534378863,204
220,-106.25985056101396,-66.68354304186259,236
221,-27.621099686668522,4.876560831737763,279
222,-88.24102942628032,-40.21973566791425,303
223,-27.69674913782073,-6.380460384592979,209
224,-74.5918077755302,-42.69087705459009,240
225,-61.141695202905204,-25.494255822520998,260
226,-68.0702462807298,-46.723964849405846,158
227,-22.44093982523401,4.148741182989909,215
228,-33.41007210355809,-1.1067648909338885,260
229,-368.7219409973368,-284.78432871013126,231
230,-316.6505163872668,-256.3925808177138,209
231,-309.13321465091445,-226.40928604490188,265
232,6.534659798172797,32.37021506831414,229
233,-537.4001797721312,-398.8587992911118,394
234,-148.05549756938345,-61.15207938849261,408
235,-157.40983957063412,-120.47970311477334,168
236,-64.55313491522006,-25.10930857858554,261
237,-277.44792793702607,-181.83269330173016,381
238,-260.1651117496399,-127.98403419938914,568
239,-45.33557481293953,-17.048626178282944,173
240,-63.768887355546156,-29.37731961960553,258
241,-147.85647291367704,-77.45193646162801,354
242,-411.5443690718791,-181.32056154195044,969
243,-99.88087910089875,-59.88446997963467,228
244,-414.24951507209386,-276.8429925760696,449
245,-118.7279450562784,-83.02408197495596,144
246,29.302091626621554,52.30753357117666,226
247,-115.8180613531885,-52.698487697910316,341
248,-189.13308664479393,-107.66398324161209,339
249,-40.257495853051054,-14.568511416973223,203
250,-305.19591825286955,-184.47195916316605,465
251,-390.19244971227,-126.07151002367182,1000
252,-201.32822675378307,-119.7533715600548,339
253,-364.88233488457223,-252.47250089050854,336
254,36.68333221402368,39.000205577314944,152
255,-322.3315280256527,-140.6742189921561,940
256,-5.952522592464604,23.484870203998568,183
257,-67.9569627732025,-18.333745202910137,274
258,-24.040272596331356,-2.6523346636161307,166
259,20.895275718508543,36.9274851893739,149
260,-69.6874966714019,-43.474550467385924,186
261,-40.956422251183845,-22.45468420014987,133
262,-334.9886384291375,-252.00464197884565,279
263,-208.4467254464812,-115.79029256416399,374
264,-84.46673592171388,-46.661300697022,212
265,-102.74617002287248,-49.35693643854402,300
266,-163.04901510015802,-57.58842374955553,469
267,-253.47258635853183,-157.71183130051588,346
268,-181.56557125339768,30.819419869439926,1000
269,-29.970561806703074,-1.5827845604598139,238
270,-36.038295976869406,-12.494120894763967,171
271,19.64139443203799,42.635529613650874,223
272,6.992478485587405,22.392126182260142,190
273,-235.1933125563791,-102.52806438098091,490
274,-214.59746357825753,-139.2108820233855,303
275,-380.1950584942463,-178.35888065071504,681
276,-528.77099439728,-287.99081825391625,766
277,-131.51820882831726,-33.311301750987425,421
278,-183.31457034403635,49.27296744274207,1000
279,-28.680275741412856,19.86772266523731,296
280,-88.01012486508671,-60.67060138798516,196
281,-148.4266438023683,-103.0070229813439,215
282,-183.06596900933192,19.442816671095184,1000
283,-340.8237390476979,-215.67262038433927,467
284,-326.34761093462953,-199.8093036840797,444
285,-294.66447152844097,-140.9509608392977,534
286,-292.84000536481926,-17.856939989007152,1000
287,-138.6129492344371,-26.517964108875944,497
288,-190.70820037049964,45.864328164382485,1000
289,-117.85096313088405,-51.93513725114697,295
290,-26.798057487794793,10.574167234665268,234
291,-123.51935258062632,-29.03108078250804,416
292,-40.7017528074272,-17.983122994075828,179
293,-196.75987795595591,47.16914326431346,1000
294,-199.24308237066853,57.71290742979826,1000
295,-193.014888658784,33.47718473233488,1000
296,-122.23944875812491,61.94235088290237,1000
297,-42.53930957426956,12.991082037530632,272
298,-84.30185191882397,-29.542728526091267,271
299,-55.98591827934281,-11.311618976932579,249
300,-288.5347253823164,-183.09136281499997,433
301,-90.20381699562068,-26.14006139091684,310
302,-96.66683792574149,85.83629030981776,1000
303,-40.86169212234307,-1.2856539098480795,197
304,-81.14323446559743,105.80267114417863,1000
305,28.96909555447185,58.45211755037866,301
306,-65.20730997107074,-15.679658674148357,238
307,-8.44563450062686,15.086678610432031,180
308,-106.98108939388314,83.80104849568264,1000
309,-126.38362181953244,-34.81547430094285,378
310,-31.68842806536707,12.93237525134947,225
311,-337.56279199413564,-115.44373531558321,700
312,-154.716007307512,83.82796039249988,1000
313,-137.1625169715315,92.76669848165407,1000
314,-204.20101203211658,-39.665440277339954,558
315,-366.5033245850504,-116.00188883205797,774
316,-462.3474189285972,-180.9433634937288,841
317,-277.68242647186077,27.47930056622711,1000
318,-194.72740493352364,-72.94076574984169,442
319,-329.4250908491825,6.143795024722719,1000
320,-384.4035008731599,-192.36188316973903,617
321,-115.99379058658528,-33.104411455661435,304
322,-351.22438373181933,-144.9182713377863,642
323,-87.40316411753783,-12.662218053951307,330
324,-38.50217646792671,154.6896041506878,1000
325,-64.50240140637518,100.74992167304919,1000
326,-128.0984975639691,-45.124261690452144,317
327,-43.176208786966384,3.334092017256694,238
328,-33.957544052072805,114.54201089332999,1000
329,-138.61542948458833,-36.23021105895512,396
330,-38.31408160315961,90.59893600583003,1000
331,-42.3820625985564,8.2386187444299,244
332,-67.53602594685867,-23.635157069163938,240
333,-70.50081530718765,123.21299328569725,1000
334,-107.91526533947864,84.28218306924445,1000
335,-121.63292089099608,-31.191117790929667,314
336,-163.33373757882825,-26.136058946741358,472
337,-122.01883372574935,-50.10728597543623,299
338,-87.40011806411063,111.28103511180706,1000
339,-220.2532961148057,-79.36464831520283,454
340,-93.40418210392227,-9.71312305457839,289
341,-900.43493006334,-490.7380772201723,1000
342,-478.9581485665472,-63.032291793977556,1000
343,-457.80945306386315,-43.868478318200815,1000
344,-134.33128773933853,109.83942195360805,1000
345,-288.638270366874,38.886796124162345,1000
346,-101.42368043622417,120.89749228961318,1000
347,-4.945463171467118,37.02918821500941,212
348,-111.30516525588587,89.1482430081588,1000
349,-165.06851270395236,64.49745825985114,1000
350,-1.1498913673396045,150.90188340812304,1000
351,-216.58987241049795,19.258632061587946,1000
352,-193.83048324973134,-78.52770299623276,391
353,1621.313834052193,188.00841061394217,797
354,-96.90736463190103,-44.20350892565689,203
355,1680.2895929000194,260.5018562935594,596
356,-124.36260337734487,-88.40487434648665,173
357,-177.37251860261756,-69.74216146780695,374
358,-222.6820047817633,-75.72963790421208,449
359,1301.1998804108812,83.62134548291702,974
360,-244.6552516729671,-141.7090651504338,310
361,-811.4665243580907,-487.66501730231533,745
362,-719.3751879867959,-286.48803345860233,1000
363,1482.708003547858,200.1031912630583,851
364,-454.2568936895101,-27.970755422097675,1000
365,-522.3583343001457,-95.51092226739647,1000
366,-361.5322266010391,-64.63074096616046,827
367,-453.4114833499555,-27.553253027287653,1000
368,-344.4585491617468,41.84284221303161,1000
369,-286.118677341516,-79.96603167149979,576
370,-141.91923876266216,-45.78148692952337,299
371,-298.67520162989115,-125.01002718803375,491
372,1499.6191255966796,155.28718532340193,763
373,-388.5302381477191,-80.10283413517166,826
374,-420.08573398237644,-141.87087121347184,746
375,-384.07287140250804,3.5337274200475886,1000
376,-517.2045401220265,-306.80535194167345,514
377,-510.68547907531905,-222.48961478700005,708
378,-399.0679282269754,-13.883370350428475,1000
379,-77.65187034601016,44.46128712735282,362
380,-509.61004760721494,-75.75103473496797,1000
381,1589.9354084249333,184.1678399888812,674
382,-14.597217021461454,47.716127530356374,247
383,-85.2743535494282,3.3890079998618603,294
384,1812.040041191081,246.08938763055835,323
385,1650.0310921122095,199.5280414199827,662
386,-307.5284229573075,-84.46478503172766,602
387,1672.5804842233335,187.50026612018513,513
388,-356.7386971293122,-119.82813794721389,611
389,1574.018572119891,158.38716040078629,767
390,1628.6551475319666,168.433953964484,549
391,1725.7819862850108,204.61126682903725,488
392,1752.3712736274997,230.45646087920488,505
393,-286.79449384187035,-168.87678292600162,411
394,-187.67703785933696,-67.23470624257318,343
395,1468.0207023677137,107.07957046024103,899
396,-219.16712923757493,-48.08631826639677,492
397,1560.9832653281808,193.50773410448608,786
398,-337.77433758571084,55.37750134544365,1000
399,-405.80144695492356,-86.89660853913387,800
400,1668.4743414404572,192.9181180918281,605
401,1660.4916422745177,216.29249678320832,664
402,1669.0718376395703,175.40600805084708,613
403,-198.3155576473728,-50.72324797808835,420
404,-279.6667723514379,-58.83271769554017,562
405,1769.6550440127696,206.10807601878824,676
406,1723.60127408571,173.14183040405217,551
407,-356.25856118042617,-71.43838479726034,721
408,1511.8661199257024,116.53008060675504,840
409,-546.6046938116067,-69.58123884096098,1000
410,-321.24071065839786,-80.19592304909656,582
411,1819.1482101065985,204.12453403300162,400
412,1705.0383728176023,174.56948965036577,601
413,-179.16404930358712,3.0091410533760268,538
414,1629.3161188926965,148.40938556052805,723
415,-152.13600859707154,-26.13054423843012,358
416,1816.397332409971,251.161053694978,595
417,1738.8724734675088,217.86519434491854,587
418,1596.6184775370198,185.69121492142915,867
419,-218.3958937234586,-6.464471368963913,549
420,1678.8068336465253,179.34345421871535,679
421,1614.1135234061333,193.7045076661144,819
422,-278.5974701260413,-27.4900247595464,640
423,1660.124088938525,191.89785584608063,708
424,-451.23302660345985,-122.51955687472105,772
425,-181.92382200277265,-30.50311267253366,405
426,-175.92485506039654,-31.8635396241733,423
427,1925.4248064162598,251.63615792295576,349
428,-489.2559846340081,-167.0896239834551,726
429,-257.46208808230847,-52.07600694781159,482
430,-645.1808615459412,-129.94651202283652,1000
431,-741.4687978237837,-226.23017847348075,1000
432,-597.219527704494,-230.18294759950038,792
433,-557.3463192923227,-43.477734480908836,1000
434,1561.6594491573462,127.49927855247779,837
435,1762.4231267727278,185.4750307498885,566
436,1852.1340399519972,230.6074794995248,535
437,1852.4445952217102,188.22350615580677,405
438,1867.6814344458965,228.05672486038296,572
439,-313.5460119514179,-105.66804503902173,512
440,-287.7852996740336,-61.557042457738504,524
441,1738.1773716334933,137.13083986388307,562
442,-209.98825899592342,-19.894104235838952,490
443,1748.4074726206434,122.59709265054967,652
444,-243.4368101699139,-93.76971286472394,397
445,-108.60477978125891,0.028354292949885007,301
446,1898.5021556197016,221.7671220420846,443
447,1934.1594619153136,194.1697769307965,439
448,1851.774987194525,192.735927265037,487
449,1805.7750511457907,174.1440824824926,611
450,1824.6142361431885,215.1519663103141,663
451,1815.3736180345927,202.98505548345526,616
452,1930.9903390910283,230.87970020925655,394
453,1873.9971980522937,186.09153950114353,471
454,1916.213631384223,232.03926403825372,464
455,1894.6949947067524,236.06359954179774,582
456,2033.1969134839085,274.7163331136603,331
457,-358.91865109584216,-142.8096124352063,505
458,1824.3243033613908,157.19642912324372,529
459,1846.7925111392615,157.51382353313562,463
460,-609.7884261686247,-238.8505405164586,826
461,-636.5290414336508,-305.4008854843814,707
462,-624.649216632673,-79.25199161379575,1000
463,1702.9128235703572,122.74185342589249,736
464,1804.3741531337007,184.07350068879703,821
465,-371.87851680843426,-149.16541635441192,509
466,-270.66195665943565,-133.37682954137028,339
467,-523.3098945572601,-25.535723926875775,1000
468,-608.8963307126695,-157.07482963143303,901
469,-656.0243740579034,-71.15521302740734,1000
470,-264.03661104343615,-165.59805894744923,255
471,-638.3550755103291,-83.46873914462272,1000
472,-350.4223489267998,-218.0507975360674,403
473,-20.796519735413057,8.984719202985403,155
474,2117.7332423607936,243.18471447097116,214
475,2010.0969597346016,200.93157587055316,348
476,-203.86379665601999,-68.27852346999578,338
477,-200.24099654066544,-62.34298623573305,584
478,2033.483424877053,220.04994967122616,339
479,2004.9275144036412,218.00579954802262,470
480,-245.26585612283367,-57.2418585591285,443
481,1880.0852115189712,213.73559745035996,643
482,1975.6385466601641,229.24232645401747,500
483,1959.1217622582305,212.17757472361654,633
484,2156.1291398138956,279.27181826119795,282
485,1971.2054345974373,186.710210978152,475
486,2002.440996741096,170.71198371822263,447
487,2109.4641757828426,219.64275376236293,297
488,1839.8537639620772,136.70334488940597,604
489,-249.37772010685677,-79.27912122267509,410
490,-343.8038308634583,-156.23447332929828,407
491,-222.48436727819234,-89.07263542122082,304
492,-389.76383995314194,-129.61137781846838,511
493,-285.861011029868,-71.79733893639688,459
494,-568.2431177683843,-182.09463117665692,740
495,1946.4728672161561,159.4946201017741,643
496,-79.81680105956033,-20.245028089676993,195
497,2057.7917354257966,190.6064914526496,366
498,-356.8281979774382,-144.57731693614355,447
499,-111.24727351743991,-45.83050854151391,208
500,-501.457068178924,-217.84037283953555,564
501,-282.09533639210974,-128.48174309447643,342
502,-315.12732989527694,-93.52916733501009,444
503,2116.5686364403955,184.03234740636486,312
504,-4.548043948854236,19.476798392754162,137
505,1980.2260036774373,112.62271213689891,443
506,-285.2245551597953,-180.7207665364593,262
507,2172.142150036459,202.60216165729122,312
508,-89.42926816594321,-24.93010225492482,229
509,-50.88631685169993,-16.225459134748576,153
510,-119.05843448967046,-55.53406281134964,197
511,2130.725406700579,178.12543182648284,283
512,-176.4269268069849,-78.85081725404896,251
513,-154.6616744464532,-68.5687508641057,244
514,-139.31013267765397,-90.73663466365889,168
515,-183.32054310765687,-97.08143572794894,234
516,-63.982199313262555,-33.37643017649728,156
517,-6.488633139859914,-5.1159312046649035,97
518,-114.26901976436194,-62.01677944308623,181
519,-94.92288457096718,-55.74512217634897,155
520,-142.3476033982306,-70.11562757177643,196
521,-44.440137702710146,-15.013047187278417,149
522,-106.33424643949908,-70.76004815927968,170
523,-262.07299031822055,-126.45012979567277,305
524,-188.61651306795002,-117.38110074227416,187
525,-41.04237676933053,-42.0708222033533,101
526,-110.58664101958689,-81.71480411726667,148
527,-107.26549993705227,-77.88491365394273,144
528,-92.90778839118008,-64.56088383213303,159
529,-199.08619866972404,-152.88159258964012,163
530,2204.419788237196,139.94326473916408,236
531,-10.294823101080091,-10.531805913867856,117
532,-53.93607450456801,-59.922778142276314,116
533,-45.378857313264724,-30.542338640754977,130
534,-12.858655845055008,-36.39183978850207,66
535,-89.56685156361077,-99.19585478571082,100
536,-58.14813466310567,-76.27521761613666,87
537,-17.816365231090117,-39.75940624346018,85
538,-3.9431113352926204,0.02755437611236289,118
539,-62.411042704386034,-28.81917109753809,161
540,-92.57974400309911,-63.632267914215134,160
541,2388.919852387729,284.5844427684077,232
542,2357.981447642881,240.8371513050447,226
543,-60.42545478156566,-30.509636259418016,159
544,-21.094519842354895,5.2159650263469075,142
545,2398.897062267675,281.82109535566343,248
546,2413.1570881375774,304.3298046689138,267
547,3.374421550186277,13.990393435676964,131
548,2455.1643229188803,314.7560997767096,234
549,2359.3031377307825,243.91966217793274,263
550,-52.145373163492316,-2.7058780202366393,152
551,-36.24015896572597,47.22863256658769,254
552,-40.40682347426896,34.53111451350509,236
553,-115.55807098509482,-23.96066460136676,260
554,2333.3756523389948,264.46483247283396,334
555,-102.92091894361408,29.146483635078596,292
556,2292.7667421338656,221.27219893141904,287
557,2232.5889048914732,217.5454609781491,407
558,-90.67706439127525,19.08505300416104,289
559,2401.969155460067,264.66555026815405,233
560,2319.8982627161163,206.65344841029807,302
561,8.065019532304404,39.92580266214327,163
562,-23.094391834115974,12.192283408314125,165
563,2346.2630264605514,231.34214082002043,300
564,2351.11313589288,209.1596562235703,312
565,-36.57636573367155,-2.382203361624306,133
566,-70.40593571854888,25.672111426460575,238
567,-104.10920524755038,-41.910918106054766,187
568,2384.8349726349493,261.56776557576677,301
569,2403.388311068417,281.622834056142,345
570,2368.4472873942686,232.41125301095832,284
571,-42.794493028670445,21.1355454284231,180
572,2344.854309110609,241.67189636589112,324
573,2306.3643901687487,240.08236590107487,415
574,2407.4058075057155,280.7465310953239,313
575,-139.92165744446336,-27.54823254932235,254
576,-81.840137403705,8.56302823485494,232
577,-75.13686910330563,14.940404816590927,255
578,-11.526293516738129,45.667549614055986,176
579,-75.31249583559203,-13.723270999958501,195
580,2348.0289279055955,190.95320122816497,391
581,2431.035142120352,222.89127480396937,263
582,2455.04466170059,269.6898532428929,283
583,2416.56859211808,223.99979060838328,298
584,-199.1170859315105,-127.6726148218253,231
585,-46.21751443738597,-19.02510482238017,129
586,7.12727512645818,34.84354841337836,155
587,2525.159780237776,281.82045608852854,258
588,-58.22153002073298,-39.55057506891319,133
589,-71.51204733591173,-18.394839608578252,180
590,2501.8760448623552,233.9614112000752,267
591,-61.64842381579234,-48.67982489003107,116
592,-211.7789154172797,-106.20918327822535,245
593,20.03275463893565,47.30754012227226,140
594,2501.912388649539,251.79983931302624,256
595,-71.10163340244387,-21.605860634110698,153
596,2402.6916989128354,166.7987752243046,391
597,2487.212021269908,228.88512175234376,240
598,2562.881053289001,280.34280058067566,208
599,2481.9236711023505,204.4756285369529,318
600,2465.7007090149605,210.16600600918008,245
601,2535.0147711988525,228.41982913343398,372
602,-37.76075444473131,-16.437987877528982,143
603,-1.1838818598825327,11.212814417007536,134
604,-10.315429321563641,10.21021514247819,113
605,-2.9832879043450404,11.069101796028718,132
606,31.533302772657024,44.95370342060659,141
607,-25.489111546088598,0.41665469087207896,152
608,-107.74806078105458,-85.95407440890176,125
609,19.715219970634315,-1.588991450227482,105
610,-24.31864713959251,-15.614451459961074,128
611,20.89437157028756,17.218090625100245,110
612,-6.875538190800064,-24.1071153333597,104
613,-32.30512765502595,-48.16641779758075,80
614,-15.442225548453518,-38.79329346867319,70
615,-22.335546099785915,-43.91372177322323,91
616,-21.820323304577766,-49.108430626296816,90
617,-56.70467406644849,-84.97995973306755,61
618,-44.24689762561707,-76.57672343783476,62
619,-26.46229987374805,-52.42523719181301,86
620,-21.576526363321598,-57.93545253982307,60
621,-32.687586022195866,-70.74279344837095,70
622,-18.18957287504394,-47.78834154901488,100
623,-32.65654733293092,-65.30101675959571,70
624,-51.059939985184826,-82.76266841809756,92
625,-49.17685144144127,-66.63026884391712,99
626,-36.27463794993414,-50.55187982399846,100
627,-50.2310590118705,-78.59774388102734,81
628,-10.965423949777048,-18.859228031574943,96
629,-16.53644112793611,-24.84424110310016,87
630,-74.67964431806516,-90.08091183735769,100
631,-73.74327960539777,-97.20018263395029,87
632,-104.03109065408816,-118.16416605767569,81
633,-29.7473016877615,-49.13973146580685,73
634,-67.48654964644626,-88.16681488860553,96
635,-72.17363805308996,-79.19752757266183,84
636,-15.899118834402547,-15.494659941631554,122
637,12.089364839982572,-3.5140586089835892,83
638,4.124002055485633,4.56174026684981,114
639,-19.631888025844233,-15.274932261302851,119
640,-49.16753424658789,-69.64370395964112,96
641,-52.90922422973648,-54.731272699091434,108
642,-9.868412300254708,-14.487861341498956,112
643,-9.327901732140617,-1.1733413574323635,119
644,-41.498551233126506,-16.11924177708312,136
645,-102.04081809999846,-85.05525520319084,106
646,-14.340332582204592,4.3126015485935625,115
647,-238.7257965050791,-159.8552031054781,241
648,-54.31133231372527,-50.6685480400854,93
649,-9.41685932610649,14.32372257965227,147
650,-66.52963586845291,-60.12955790367744,113
651,-30.362428323328484,-12.613126450696143,134
652,-46.003947562251355,-37.19334092865668,105
653,27.25704363586607,38.23900238419861,96
654,2708.940102822922,241.58067697126526,188
655,-32.75395456216583,-13.289577364460811,124
656,2680.977307201289,229.45929518713285,215
657,-89.1401858641413,2.8806363518479827,222
658,-157.63696481240294,-37.849322346836615,268
659,-164.842698782992,-15.182820726038358,283
660,-421.79568612604095,-132.9439007964856,610
661,-181.16965591108757,-33.95993637558399,279
662,2663.4037770290247,232.1214136477955,307
663,-356.90714422201034,-127.67162503370896,394
664,-357.13782629009916,-161.15664990883914,425
665,-204.00100397441665,-34.893342461146474,291
666,2582.869669793287,228.35219069126774,384
667,-252.67394298267862,-89.64797068754774,277
668,2644.4363512755936,234.12415756452947,289
669,2766.9954334875997,267.2310731817572,264
670,2568.6270004704957,202.86748519322262,460
671,2621.4484982407466,188.5093643166511,466
672,2752.065402932722,278.6145137096636,360
673,2743.1047558689206,266.12646216609284,290
674,2732.083817965267,252.5779766419077,344
675,2716.2126393397093,247.57859959998189,347
676,-263.7450780070508,-97.76675853999866,307
677,2729.721888467252,211.6040528579272,396
678,-261.39468025784555,-115.23606319869016,248
679,-204.1787341502643,-81.40312848356578,214
680,-257.8879880856484,-134.86874795637476,251
681,2694.229080635019,239.15373065233123,329
682,2755.9712712064224,269.84817316524294,390
683,2707.571388143295,273.9030763794359,389
684,2701.498092983909,234.37566695530867,339
685,2750.0229538501912,238.29284536652239,311
686,-141.39425868902998,-72.37326065316401,167
687,2800.9127835325085,271.7439555598726,393
688,-169.39169780337784,-65.55456814224218,204
689,2817.9828153199146,241.9681316570157,272
690,2825.9821604792114,252.27020735779337,189
691,2696.8105530408184,168.5423169469645,329
692,-75.84073591362305,-28.53851783470182,157
693,-174.75787547686576,-81.961225870858,199
694,-27.58258437831319,7.933989469398696,142
695,2870.542478466894,270.23299951221327,208
696,2840.6055895901845,267.89860026973673,285
697,-19.888335354817606,37.717204952113605,173
698,-60.678970524903285,-13.557290814519945,145
699,-49.29507751898191,-33.53006619908446,100
700,-117.51031089959491,-31.443832448570404,175
701,-66.00297854944188,-24.046432367039742,155
702,2817.6693787350932,237.0718797952751,268
703,2840.721527886337,279.9094009251223,316
704,-90.92856183897996,-36.142186509986786,162
705,2843.1584729166816,254.12880462669088,234
706,2788.012627956636,206.7361445457795,261
707,-60.28436440350717,-8.772960476510974,174
708,-12.213764039827758,35.738444088112715,141
709,-103.7080115805597,-57.607562201198064,141
710,2792.1123870676624,173.5190313419447,626
711,-77.67099947974636,0.721764271308686,184
712,2788.6836950099682,217.36984245907246,356
713,2866.3852571054663,224.07500028065755,255
714,2856.4086906349717,219.7328550677002,271
715,2938.6008208928974,248.50085023361274,229
716,-51.41931737613887,-35.563115935681736,124
717,2919.4213300760325,239.17330884000273,193
718,2950.5972014435706,262.8887961756499,207
719,-44.753704590604414,-29.820093737865633,118
720,46.43749252197723,66.22246755302126,144
721,2.887031627643985,7.0012145842946865,104
722,-9.394810687623771,-27.642137566489268,106
723,-67.82268497832032,-64.01411263201524,100
724,49.41383783536624,44.889812163633735,81
725,19.479566274176715,12.562205670816638,94
726,-19.592860487635637,-39.17497720354666,85
727,-5.959381527776991,-22.029201372291865,99
728,8.884108842579629,8.23361739619601,82
729,-6.154027839547471,-27.630923734441737,94
730,-49.64647890113316,-59.039733197181285,89
731,-44.10171918684381,-87.0920296532533,83
732,-11.18721478407581,-55.9928832277043,65
733,-51.24361200405862,-73.88283453883749,87
734,-8.201590450577314,-22.320888223942447,107
735,-56.66760921290891,-56.342528026860876,110
736,-10.711144646405018,-41.40458876348242,77
737,-8.351015971481011,-9.252233634734054,89
738,-11.60337127860869,-40.944373263137194,73
739,-26.096661629931322,-75.58116985995085,56
740,-37.603717040897955,-62.33401998743155,78
741,1.5459095828638247,-27.68153533303817,77
742,-14.530160427586672,-20.593254471825645,115
743,-30.731265259966346,-50.60410103316072,94
744,-8.96181041064288,-25.341880540975467,97
745,-20.16618375159968,-34.37713526924581,99
746,-51.383877544597155,-38.31500664002931,116
747,19.606249229053976,4.237936917828776,107
748,-16.966528828078978,-31.90314546634717,87
749,3.5783375843982164,-16.53093991499415,103
750,14.229098327843179,-1.7013121734191685,103
751,-6.189180766145395,-17.681802693934017,72
752,-33.072600913492536,-64.99137862054187,73
753,-48.01709840838911,-96.41257300014519,63
754,2.561421098827296,-27.0000557119738,81
755,13.581702519545978,8.919518726020215,90
756,-11.072372400593025,-36.89509722353494,67
757,-1.2994635666660095,-14.710633666218044,93
758,-9.740756963099106,-16.825807653303784,118
759,-5.589142211145241,-18.83733748399436,102
760,32.62329272505757,35.04120653365243,92
761,-32.421243183597255,-30.36890620852823,111
762,4.438001994523102,-11.952523260932125,80
763,13.539436162853754,5.295698181620651,86
764,7.534051489118561,38.352053837497124,144
765,-3.0490381150587957,-12.036456575338335,88
766,6.967134525944726,7.231361800402723,117
767,-52.67121053113248,-49.61737388124876,116
768,-51.8279492547055,-31.563678689167133,130
769,-10.708794899158681,-9.365461029302182,101
770,-7.86882605381815,-11.610724998834456,102
771,-41.560819223142175,-36.414147780711886,104
772,-6.156561287717821,-18.954230097109544,91
773,-16.728511793575574,-16.712168519459,114
774,14.875384212871069,12.186169039969641,94
775,15.899039301593547,33.64240625424321,132
776,-10.98767525458618,-0.13047008373709446,114
777,3103.2094985795843,240.68504607504212,271
778,28.291328986570395,49.20197299107491,108
779,3149.8055565143313,253.94420648769125,242
780,-96.52883746701039,-61.21410995524586,124
781,-34.551419774490455,21.566266150160487,142
782,12.03036178257187,32.37371644609544,134
783,-26.04107168770047,-23.68856571330477,96
784,-26.18958211623811,-10.72972271000424,122
785,-14.107288239802642,-28.101500953570493,70
786,3.806683348368754,2.6996477373231755,103
787,-3.98125337549963,26.570972687581502,109
788,-73.59192771628999,-65.1388262087326,110
789,-26.912442348995746,-15.969313577681064,111
790,-63.77276602510076,-30.679961383671483,127
791,-14.709043189056317,14.781648938649951,104
792,6.699847868056111,21.57531659483746,99
793,-32.93177592129842,-8.303609835241517,114
794,-105.44276000281948,2.4001356136869987,212
795,36.867113065514616,161.61193971908014,1000
796,3203.041716855063,296.7152538316356,254
797,-82.97535772760625,-31.915479886257557,140
798,-111.16365866688426,-69.67571276465351,138
799,29.8225680107076,62.113200797353414,117
800,-14.756406818524415,35.08499226840968,157
801,3151.0015183334813,220.59140972803021,388
802,3173.176386007196,240.26836183188388,239
803,3200.1275100290777,274.2347968549053,264
804,-57.16599356989622,-30.12356388325486,105
805,-30.84767786255611,37.41188284311056,140
806,-24.880582941095707,7.174423942979175,116
807,-10.614517734506547,36.12357932646029,157
808,-33.00588972303701,18.59353605025629,155
809,-68.01089863166315,-32.72923611086762,141
810,-10.282222167768992,-5.0235846215479825,98
811,-142.268919344172,-63.59901333890281,175
812,-98.5871504385891,6.538776026809344,215
813,3238.60157527548,263.4450129651571,317
814,3128.736556069915,208.4644412659972,257
815,-74.84725693875744,-7.3113413399133975,163
816,3226.690246476124,280.7307051928087,278
817,3165.423132451586,274.05093460860684,279
818,-141.35833536838092,-64.29839477957533,176
819,-45.23130409015919,31.51093452948146,171
820,3213.4244934036005,273.9739941882506,285
821,3127.8565920530277,169.9117805368325,295
822,3171.158720694527,246.78419724760118,316
823,3242.697238003624,272.9552467089972,230
824,-52.307445747830364,-12.206084819549204,118
825,-50.66115510178881,-12.187822582676347,134
826,3174.0496164295528,218.65519663354618,339
827,-83.68214468033909,-40.759326377005024,129
828,-58.11176320263709,12.936621364607959,177
829,3286.5166554793946,281.6097491357822,248
830,3247.6488872981204,225.16246871676364,261
831,-149.7456289401229,-36.32770583768185,171
832,3244.0598850946308,277.331135304701,322
833,-141.55678757200423,-50.51615054676759,172
834,-227.55881627021583,-118.27697621846772,246
835,3146.828798734804,185.8014173755311,336
836,3218.1676473738066,242.1748912889468,253
837,3191.8114581913355,221.30018138300957,326
838,-121.50483663221644,10.351426999164033,212
839,3215.7642498565183,196.14835211793056,374
840,-105.69649514497863,-24.895031663097598,164
841,3285.7616101462327,254.89447152015111,221
842,3271.954513981357,251.61163669269257,309
843,3260.204377854212,264.5675083984786,313
844,-28.580533645682593,19.41644251532935,111
845,-208.46119188960085,-53.15334723833534,244
846,3247.6836025836315,238.06360231688467,294
847,-91.34617979502892,-6.323269316954608,170
848,3218.6081012943296,234.60684497328165,297
849,3170.5719870025746,261.8204858830701,359
850,3158.7892967761595,223.48084094318287,394
851,3263.1207634904217,257.58268850361435,276
852,-222.81593635245068,-31.76801481433516,262
853,-118.19390901678067,-8.576578814592708,188
854,3063.845129256839,181.21807860747316,521
855,3157.9487966778097,236.7315847882926,401
856,3169.2514165913253,177.21596218876135,408
857,3178.736840299071,174.19844409189153,462
858,3221.8717343295066,224.48154373145056,317
859,3183.823660453243,226.3028294461871,393
860,3269.666236399534,268.7588862366292,289
861,-179.17801214475963,-62.07910274655684,186
862,-87.70823126205829,46.98400469366513,238
863,-81.38618243263842,-59.59634883883719,97
864,-139.4427673102631,-22.822173892152378,189
865,-194.11539456282497,-57.253278956330405,237
866,-131.86666111357172,-45.765716483535,183
867,-71.72367728646906,-29.356227464423526,130
868,3318.1241792574638,222.65423820317554,274
869,-61.44217289930603,21.927763241932198,182
870,3361.0243904051285,246.55524335637406,265
871,-167.4018531924136,-16.677755563946377,209
872,3192.4576197754677,205.90745197126296,379
873,3221.149588980093,209.97748233042392,726
874,-168.44057903579304,-13.258098079433651,255
875,3182.023771230857,214.15294199039283,436
876,-62.40169021740192,-29.286357479393587,128
877,-308.4855213274422,-76.93213753176981,305
878,-22.94424030692864,-25.811007861572065,80
879,-329.87482910600846,-63.522420504273896,461
880,3422.4266804705035,265.62301177636766,239
881,-175.41582368485052,4.006826312506732,255
882,3299.154579882508,210.37879861069624,390
883,-73.91156460849336,-25.220430288677747,141
884,3345.889901137344,261.3959268989217,315
885,3254.8681396378965,191.68354891652376,328
886,3451.61513020362,285.76642719682366,265
887,-59.6259236107948,-10.443824534494155,138
888,-111.70383107578023,-41.26155709866502,158
889,-320.91516542502916,-149.1292474135467,243
890,3342.9528408539,164.04125198921218,400
891,-145.05299668324142,9.617001239948507,238
892,3374.805287771194,208.18923394298508,307
893,3349.890651936694,177.09876209581606,401
894,-89.24662034673115,-4.809837106040163,163
895,3437.4536152584683,239.6719368246999,280
896,-123.05348070502711,-9.181523223246941,174
897,-90.33769784275954,1.5846435020325913,189
898,3473.073667453518,262.91458283886493,226
899,-37.636257457324646,39.278684835721094,176
900,3394.0078416548195,199.41491351995234,229
901,-508.16745761167857,-146.04124674181912,416
902,-369.49259188839943,-139.45208583201085,357
903,3482.4097010543387,261.3061097114948,243
904,3475.0881728511677,269.2077075995378,286
905,-50.18022686877564,24.612510117064602,158
906,3491.0535616839124,260.91644536626535,287
907,-193.0139279520761,-8.829732562154689,259
908,-158.6380112006579,-7.955043040360607,226
909,-4.327011578532517,19.495939275994616,92
910,3430.890985673066,230.22770182676118,313
911,-80.88088629249643,38.28602774704811,199
912,3477.9547752954813,243.57357079112688,523
913,-215.5477198052463,-122.62547076407009,366
914,-77.63738202836238,19.824006218112842,172
915,-73.68758842976743,5.390665565050213,167
916,-99.37922422265493,-32.75901410047969,146
917,3458.6396388120447,257.5671347377867,288
918,-128.02440771962253,13.537608019351524,215
919,3364.370442596476,208.26841781971368,311
920,3357.1431284200366,223.13972738221312,339
921,3426.3249022669593,220.0661433346633,331
922,3437.6322442743744,212.03694792805084,430
923,3539.3097614747476,244.20968840735975,246
924,3564.9608118794135,272.9978169119602,208
925,3518.7167631677994,236.95745743802794,255
926,3399.8739666911015,186.2052227841794,356
927,3372.797453225796,227.9232346460367,408
928,3435.7620903834236,234.87845084078643,287
929,-115.10905512588096,-18.170115550442574,179
930,-284.9133472767144,-38.941442427378675,284
931,-300.99342437830876,-51.4165600261735,324
932,3159.557093921826,127.20800968586369,490
933,-343.85556250529083,-80.03443177106575,322
934,3007.2445712385456,111.7834098321066,568
935,-451.33431369421584,-105.39421142814516,342
936,-334.46346248362624,-87.49805920493935,287
937,-351.31883602410176,-112.8807881900891,301
938,-311.85303716385545,-132.57912129609036,224
939,-249.1544291829265,-168.79850087259146,127
940,-408.50238335644787,-133.8848290319006,314
941,-396.60556245211365,-129.78056057881793,310
942,-360.3049437782965,-165.94233461225764,207
943,-231.4381467117165,-163.96790635220285,136
944,-242.73065708525186,-155.77699203478525,127
945,-505.76761899587206,-169.6761627749653,364
946,-391.43102798983773,-171.98984659038953,232
947,-316.8947600398981,-146.20904500907147,197
948,-266.6646240947494,-132.10744208024192,189
949,-321.9077554377739,-162.07876701337432,190
950,-340.37584421959986,-188.28624853469137,197
951,-265.7164524930137,-169.85331027484278,147
952,-439.77499745577387,-178.50838672460753,268
953,-317.75991503960654,-166.1917558116728,184
954,-328.8031822016276,-158.53043064278387,210
955,-317.45974602902777,-246.82328674802633,125
956,-321.37171800025453,-208.71220887559514,149
957,-269.54551730303905,-201.03208330589626,96
958,-324.62039614249124,-139.48031057942885,208
959,-194.5501306272553,-92.22328925526574,153
960,-190.09074283478805,-89.05409798344056,130
961,3568.1993833637207,232.5145569412255,306
962,3367.9424185257894,126.95734886229654,355
963,-322.5668643220942,-74.78115529853609,262
964,3592.0569960212733,183.5370474444938,421
965,3549.160115273115,203.64803631609863,403
966,-177.68167806184832,-78.25434274845162,171
967,3692.516673451633,277.0473209119813,238
968,3448.7097516063445,152.45823989702643,452
969,-362.61804618674137,-120.38189412666986,410
970,3625.829060836262,203.3916336511671,260
971,-33.879767202294275,-1.9070397177824958,126
972,3646.3020924610432,230.53551438467073,243
973,-206.01724717713128,-46.578792387992266,213
974,3656.4008121535894,252.10112286147367,249
975,3723.287177416834,283.470766827568,226
976,3767.9353652236055,259.07785145636035,240
977,3713.5556743496345,249.25182290956474,219
978,-114.70766237298135,-8.678109164919505,166
979,-51.06405708688686,14.952466718517115,129
980,3757.51964675697,256.18818471762864,301
981,-148.29623312876996,-46.07581500675843,164
982,-86.26298583939612,35.76538900934085,169
983,3674.6637231016884,192.02628871660147,236
984,-145.97536942369123,7.307491936156808,201
985,3728.920894758272,219.4321915662284,315
986,3465.411977018409,152.3183137855542,381
987,-226.72477850213338,-79.71063228863014,201
988,3679.4071438703136,241.61791689688775,424
989,-217.90211666062734,-59.583456629752476,201
990,3550.510091516058,171.3653614787512,362
991,-456.35666697504854,-136.11408622884358,402
992,3813.348868434432,293.03550048167574,296
993,3750.142446716445,276.55272118608207,355
994,-574.624645027104,-213.82985013530987,463
995,3703.446627432262,224.34938446204967,299
996,-136.31933830921616,-37.14425108200247,158
997,3550.638823299799,158.68155402415312,406
998,-32.394007837630255,39.74068462720206,157
999,-157.40859315779863,-13.867584101621787,208
1000,3848.9660615591597,268.62410269522195,214
1001,-32.85607857083665,33.90949037809071,149
1002,-47.18141770374808,6.606848608936929,122
1003,3785.446667967177,205.66966993245296,198
1004,-32.3711704803169,32.54831793242715,124
1005,5.8496054376080515,8.050266795818104,85
1006,-212.5124883764901,-66.67222206326042,213
1007,-11.419761203176297,-12.362301897074673,94
1008,-16.922785707684636,34.15549272177839,132
1009,-66.91237293042784,0.9827187636627599,141
1010,3751.632775691324,198.216003748238,241
1011,-10.502873195585511,-13.32241250054362,81
1012,-55.020194273523614,-14.905515770450464,111
1013,-0.08979077668389479,-18.9041073276519,77
1014,3776.2608871096454,212.34324489571992,399
1015,-307.7448630371856,-139.87752674698777,282
1016,-49.6698691465821,0.09383984787336885,116
1017,9.85370862088197,24.43399442249566,93
1018,3853.4831347531635,214.59469415270306,264
1019,6.27749127197,13.70762082298694,106
1020,-1.3891905127208517,31.82487546065545,138
1021,11.30989386704006,30.39373150447102,96
1022,19.202206881549944,30.081461900313315,93
1023,17.564931174771168,61.59260107282313,137
1024,-88.66941943920312,-12.37444709589387,127
1025,-19.202462477605987,12.256229656560905,98
1026,3829.0263708017114,181.68778127147692,342
1027,2.662300642651857,46.974499059518934,135
1028,-5.748772857828108,-12.066857830115339,86
1029,-3.888669349109474,-4.320626705703347,67
1030,-24.018642106637735,-22.607429755574714,98
1031,-39.482060981751175,-5.261303353984843,111
1032,3873.889205332922,197.3426899504007,222
1033,13.473761463860981,41.60164682113225,91
1034,-53.042026211571866,-22.181996095397807,96
1035,-23.721451523050497,3.203270781929376,95
1036,-47.01603370207401,13.976182167776656,111
1037,-12.966832065547687,10.101497482410267,105
1038,3708.9060369653625,199.72672007513444,426
1039,-42.3382541059986,13.171223998585432,129
1040,3934.221191272491,248.75223876666712,234
1041,-39.607029900039464,29.512862348931407,135
1042,-52.67205598751695,-31.111103028168813,109
1043,-56.885198742224325,11.58480981615962,125
1044,3894.8439722221187,239.68673016971383,363
1045,3873.7196415671633,249.20472343270794,307
1046,3802.8799798092246,201.40514826992046,320
1047,3933.035079063882,226.39708578549454,243
1048,-39.79400571233218,13.86032696756591,118
1049,-179.3792574946341,-26.785488313065343,194
1050,3901.7345961082683,224.82602086480648,243
1051,3986.510947063534,279.4633306373862,259
1052,-395.37394089981007,-116.18218027467825,323
1053,-247.10089082594322,-28.224328369903688,258
1054,-0.48075248207206656,44.46283245627964,99
1055,3806.602495709609,238.51504470973174,316
1056,3774.904452023106,214.01004239330604,361
1057,4068.4260934403455,270.6858460116699,178
1058,3907.2232379720613,190.18029302074737,309
1059,4010.7484253361404,277.68218504829406,205
1060,-202.7400655501968,-43.549534065478966,204
1061,-356.42695137936107,-31.924027059137927,302
1062,3817.3282682298004,210.9288240116755,305
1063,3941.757335673543,230.6012764440405,259
1064,3986.3195947172417,261.23086976786294,225
1065,7.97008428225195,27.876513915944997,81
1066,-184.80675734878642,-36.857284896693955,172
1067,3943.8108272709455,204.28915577216858,224
1068,-34.16054017219392,27.47731564506661,135
1069,-26.013208437728366,13.13751024569558,118
1070,4029.70459769812,246.62197470074835,239
1071,3983.3172623275705,254.76840662749248,255
1072,-48.19010194199758,18.775085333367898,128
1073,-6.992586169247591,33.01255987475281,128
1074,-187.63821794161754,10.210027908245948,242
1075,-200.04319462444676,-61.93989192032615,177
1076,-243.95249437570268,-34.44486916403844,235
1077,3987.396879727678,213.19500710187708,239
1078,3993.068349973814,239.83337486460903,246
1079,-150.91807932007265,-25.103622892306362,170
1080,-98.11607901070728,-24.58156870802995,118
1081,4079.215362728264,259.62698933289187,210
1082,-91.01770049618844,-4.919718590289065,151
1083,4115.880868325457,260.3210290841637,214
1084,-31.221844625934363,-18.952521412609258,99
1085,4143.763115060315,267.66185808512114,296
1086,4040.0485858473926,213.84800374526645,244
1087,4050.645627268476,235.09922812601013,432
1088,-117.79205144950495,-35.753612380222364,156
1089,-44.41297390404951,-13.157275326879201,116
1090,-141.83415825811227,-54.89816674550805,156
1091,-42.0787299322582,-13.570840862412396,93
1092,-137.812060725944,-49.50615512518428,138
1093,4129.8082607580045,245.88273615912757,169
1094,-36.101849832924266,-21.911195732530416,86
1095,4077.0756221494817,246.90703868762853,289
1096,-40.91345522582399,20.121051097304715,116
1097,-34.40062865129798,-4.071412339970067,85
1098,-50.43333615941211,-14.62035422660017,95
1099,-20.851553772241324,8.899898142805213,110
1100,4110.649998655315,218.53973081850216,239
1101,-108.22106212377548,-52.24681131511828,113
1102,-25.897712629511492,17.158868042440233,96
1103,-56.21522130497205,-6.2412670350935,121
1104,-17.04229423013386,-35.99578424857087,69
1105,-99.78099942125976,-53.628521963635365,100
1106,-45.01619366259811,-39.1036170694115,100
1107,-15.13145887850354,-2.7427999954527422,110
1108,-41.05792228591761,-42.23287518568988,93
1109,-103.33824671939612,-16.34981380776169,131
1110,-41.35121214704656,-40.00740695504541,86
1111,-6.9974205543538766,-19.751875015751608,68
1112,-90.85621253460052,-40.666733607031574,130
1113,-113.87144884561282,-53.38552071145031,118
1114,4211.870468427452,259.2729911159386,210
1115,4022.208316036058,158.7500958246435,333
1116,-11.611282267354923,-1.5922956109931619,71
1117,-14.721523628078415,8.917178934212302,92
1118,-24.29436057104611,-1.7861898214657401,91
1119,-177.5535152159096,-81.96307741948128,149
1120,4077.3051989391042,184.4195846836843,256
1121,-85.75660619437645,-61.334492715926515,104
1122,-79.79309451129734,-25.834138633042954,111
1123,-41.13085323348197,-0.19506764802109444,110
1124,-100.19152673468997,-33.82566134513672,126
1125,-17.170592189079386,-14.328169228039371,108
1126,-21.80091047367629,-37.567179568736194,74
1127,-12.66284221705712,-4.016756171738933,115
1128,-14.064989829932472,3.3269021288049885,82
1129,-38.62782028173113,-24.693354509180864,98
1130,25.099317399293884,22.880491993329784,70
1131,-193.6228885315061,-105.78927515887737,138
1132,13.746058399398226,22.51722141314721,78
1133,-2.552953902527566,22.275914842760614,112
1134,-16.15647274307413,-17.55196530681596,90
1135,-43.17178200780759,-46.03185712020159,88
1136,-40.890925077194055,-43.497141539439724,89
1137,-13.137539593263504,-13.494045379581351,80
1138,-41.29501087976563,-28.38378054848829,82
1139,-114.8653762145531,-62.98457335491577,122
1140,-53.140313870323354,-66.09230275970538,82
1141,-28.851101765411528,-57.18341023039201,59
1142,7.429644969192154,-22.407435900310062,65
1143,-29.41671219801208,-57.54712166360545,82
1144,-54.99950864080583,-87.16794837194519,85
1145,-44.680248217935564,-60.243653179704275,69
1146,-18.27467142820646,-19.566706478727625,71
1147,-55.815440707333636,-89.56216968227848,71
1148,-68.92759400350036,-79.12588646264345,87
1149,-16.3350723516416,-22.479292375960853,91
1150,-131.38380517091795,-117.08418147666448,103
1151,-59.732461926776665,-66.30774307108388,70
1152,-8.407660573430801,-11.093473924343542,80
1153,-55.047769161282176,-40.77602266970365,77
1154,-104.64102403181963,-86.3152116854863,94
1155,-86.0176833810065,-75.04680688676189,105
1156,-129.08314775888846,-84.41178105963023,109
1157,-52.15529920927831,-49.03169824863007,97
1158,-72.59497522379093,-79.40998802333934,88
1159,-67.92345938601578,-88.96955748835357,90
1160,-120.96064096501306,-116.28756568658693,81
1161,-199.74661409312205,-123.10562655995025,135
1162,-126.84851296883848,-92.0678926465133,112
1163,-62.11711464478969,-40.61043940814513,93
1164,-60.824803504240705,-62.53356271093263,98
1165,-82.24715935537775,-76.89248597254083,85
1166,-282.00359141824185,-207.83090353939554,137
1167,-44.47772868868287,-17.86059590626435,109
1168,-170.63425015328463,-102.50113948411311,115
1169,-83.66519383051953,-67.00019273797525,92
1170,-19.394652917206514,-15.554586823884875,73
1171,-129.68570216098158,-86.24276627172361,98
1172,-59.038576228167486,-48.94016843359343,83
1173,-43.70447203625176,-26.974568004405057,101
1174,-36.93744244925357,-32.8359087433374,72
1175,-39.20048324055386,-18.189571360575073,109
1176,-67.10171879084601,-27.649134319855563,110
1177,-61.752660035332326,-31.064388060306428,87
1178,-60.85026909323115,-16.123188074620828,106
1179,-38.861846884299666,9.128896054939261,115
1180,-51.459085255850184,-20.880394607930185,97
1181,-68.82517857832562,-40.369163008524794,90
1182,-119.84727749636943,-50.44626505345238,114
1183,-44.809146685440545,-28.245776402044243,76
1184,-424.03518777030587,-162.5117025538518,282
1185,-23.23515211950707,15.010244322568454,84
1186,-38.35120064693049,-15.723805814746598,92
1187,-71.45271980639473,-58.578943635988736,74
1188,-61.510763859532645,-59.64523073116824,94
1189,3.0467547657086165,29.382353987054387,84
1190,-24.95508131673081,16.031723909521432,95
1191,-15.72174531321517,41.646265364897886,122
1192,-82.77093375977134,-23.70700545708999,128
1193,4449.002292022224,240.07453628455374,203
1194,-97.60475972300708,-22.197787508234015,123
1195,-32.04408098775762,19.73780356234097,119
1196,-80.94630378860695,-25.596322191674233,116
1197,-13.645706146175325,17.78846380197116,92
1198,-36.45217922854963,-23.49202301520873,78
1199,-60.629887417633014,-1.5711862847832947,118
1200,-224.88178222455062,-65.89302113500764,176
1201,-8.40049170150521,19.687330493819218,82
1202,-52.94969922705677,0.031006396168237416,111
1203,4503.626226816479,282.71443609290486,166
1204,-74.06632848468928,2.4292961464410467,114
1205,-54.70722945967946,18.57743273411249,104
1206,-81.89159958533749,-27.479293645105685,132
1207,-96.08433412884966,0.1747601905940428,134
1208,-8.71874893383317,44.84915569048326,96
1209,-136.50952509982673,-29.4046283508752,142
1210,-72.89355252942279,-17.611088717042193,132
1211,-29.415256714400076,-21.333125928663492,76
1212,-81.88708974397218,22.305942617356777,141
1213,-45.74960881495333,0.7035065107264558,105
1214,-82.20401857865893,48.135386396375026,150
1215,-177.59237455706335,-22.737491835345764,194
1216,-138.71469355418415,19.652042936268415,193
1217,-472.1765172641287,-149.07302248267013,319
1218,-194.49786165400062,-39.90243518867605,186
1219,4387.58820974679,216.6520661711608,243
1220,4483.237140249533,240.1816052302869,182
1221,-403.09023024178447,-72.73053942362908,280
1222,4463.038239182839,259.80169247197637,241
1223,4320.997812604256,180.0222314125926,302
1224,-207.7237863550083,-7.421254132532042,198
1225,4390.915284298385,256.24372400413483,274
1226,4173.281805182908,188.95457845874944,518
1227,-390.09824524246096,-146.7969453733858,337
1228,-237.8925967994498,-2.935250073661976,225
1229,-207.49403635275408,-51.16861614371679,179
1230,4371.393539339034,215.26978139960357,339
1231,4193.864514977089,163.21746475947182,408
1232,-604.0779154045433,-144.85899102325635,365
1233,4252.352662250992,158.76607109510223,333
1234,-244.89536638666513,-47.47608641223768,223
1235,-183.35902861027472,1.5228607316187208,203
1236,4491.05121278022,266.1568383320968,426
1237,-80.17877053424982,-24.41445221181428,105
1238,-210.94461665694257,-40.64232516740988,194
1239,-124.74503522024797,19.59821393219967,150
1240,-506.5094805197133,-225.52266032768514,282
1241,-207.4775591214856,-41.675458425086276,184
1242,4451.510528084929,236.82099635712828,274
1243,-332.6065811005645,-90.47798007727815,228
1244,4424.762501441447,178.80677470118584,348
1245,-163.90487934141672,-30.12634735749313,180
1246,-38.49934421042147,17.25933591844185,105
1247,-227.2497290380727,-54.50820349579682,199
1248,-278.1352100975385,-58.64349089836567,284
1249,-247.85372570441484,-101.72703304688036,159
1250,4605.6897540881855,222.25462760041026,199
1251,-108.66823403013589,22.005988873650836,168
1252,-113.34429751707363,-58.968396204776134,107
1253,-73.58600899067444,42.09896939449695,133
1254,-144.27478786499574,-31.308985675823706,159
1255,-58.56662336660675,41.27483157819367,125
1256,4473.421219434252,174.8730111781855,390
1257,-188.34998424795302,-76.90904753152238,135
1258,-132.26215001825773,24.005470310960277,168
1259,4570.790868166018,240.0654284680697,239
1260,4625.499705988168,245.37682196236125,199
1261,4570.218740012666,262.4157880380925,252
1262,-168.30311094171228,0.3763326020225719,165
1263,-221.21749091021093,-10.77452733989648,209
1264,4646.606390084987,229.82136946984366,230
1265,-65.49972623315415,-33.28745244587253,107
1266,-143.8132337697989,17.881018622962856,168
1267,-44.699378521478025,6.5669075325210144,114
1268,-283.5138178245603,-28.271088649764323,232
1269,-89.38262459314146,4.1723217791181355,122
1270,4491.429892329526,202.39519152032813,367
1271,-61.37257313136827,-22.24858626775415,104
1272,-59.519913375176515,-6.1478478607327105,90
1273,-97.70518443201962,11.412038460388203,157
1274,-77.7270901979843,28.397839935594305,154
1275,-32.997571550937295,68.3167955945309,121
1276,-98.13188043824147,-41.019014961599325,118
1277,4689.064786929798,250.1614295937151,208
1278,-76.78281583023029,1.419743698580234,142
1279,-31.727135941578563,21.38589448534985,93
1280,-133.73650524962716,-66.46984019686778,123
1281,4712.199394746145,271.25470977804025,211
1282,-25.002756696007836,56.84353037374481,114
1283,-302.1296490365187,-112.48465754543335,279
1284,4594.841251359641,233.372760279912,259
1285,-73.43781007272467,-11.227033573549605,108
1286,4711.546562543242,269.0570247862075,188
1287,-221.12165342536966,-27.241918641600577,189
1288,4576.70614507098,183.6677560334112,348
1289,4482.317734414755,176.00114284381286,317
1290,-158.4697253842193,-35.54991797509007,147
1291,4621.852912198375,220.6247777042907,272
1292,-551.1906175224557,-149.05387340162065,519
1293,-46.085394912218206,4.778535030119556,92
1294,4478.8350507205,186.34993933295425,566
1295,-170.91932233968404,-48.56062976662053,157
1296,4618.88928173548,275.5525186799848,416
1297,4489.80935575584,162.53516634527352,437
1298,-259.9497683817661,-65.00593829749609,204
1299,4643.102436020328,280.00565336556303,324
1300,-138.58023089929856,-7.3171709434029,255
1301,4710.257480874423,245.45073099416373,432
1302,-219.45956121959108,8.989922799726898,226
1303,4759.0229476591685,257.5662913724342,326
1304,4654.252552745666,245.17876557311894,296
1305,4748.227827679184,226.63782078892518,351
1306,-234.60234380008245,-30.669151638148904,204
1307,-251.53807130917897,-46.050182360752444,197
1308,-315.6730338688189,-82.3007043125731,215
1309,4696.612612675122,209.91821856902965,313
1310,-91.83475601130273,3.7414874712334267,130
1311,-804.8268847891604,-145.55458104197248,490
1312,-127.95676558308813,-34.54496512537024,128
1313,-281.6959455804385,-47.92148959000514,207
1314,4806.189504568016,292.30801410850194,406
1315,-544.3132062002103,-78.96489886798028,374
1316,-214.743385180522,-10.387915419604425,188
1317,4498.733199297329,195.7403575144366,526
1318,-346.4890848272426,-32.390500904748876,248
1319,4634.641907102197,252.23782768248935,340
1320,4588.669804125098,165.99000599845016,420
1321,-60.224548031796445,14.01986355977563,114
1322,4633.193517477404,247.16977739019106,356
1323,4547.225477427938,184.98075311578663,386
1324,4859.535327977423,252.1969255341346,219
1325,-617.7876425483004,-108.29938963994765,359
1326,4670.691255215619,246.99040170290056,365
1327,4557.002979670063,163.511900575052,359
1328,4769.766766383114,243.411483874596,272
1329,4798.442225098791,251.56482067126643,373
1330,-621.625589224301,-122.11424913379825,370
1331,-471.0445280892333,-104.15738288075072,263
1332,4905.446826709978,290.7642212643495,440
1333,-204.73167028360817,-58.09275704716656,166
1334,-404.1877284042289,-121.65247962754327,240
1335,-386.82754999425015,-152.19811015785442,352
1336,4751.905777349216,260.2134916180596,277
1337,-419.22442286146554,-63.69112397398719,270
1338,4520.179170062792,167.41973292323962,447
1339,4775.057589925946,224.58280763977763,301
1340,4935.418513616458,271.1857229637901,229
1341,-447.38327542071454,-117.66377250423366,245
1342,-72.35018528042056,7.17978006770538,105
1343,-97.83504191117494,-15.479554113751917,125
1344,4817.613496175847,181.06646731066888,245
1345,-103.14462718982338,-21.757425141505493,93
1346,-67.38016362633601,4.418582460620698,96
1347,-252.39343267971032,-113.28446972426038,128
1348,-47.95269850998764,-41.12645680489914,78
1349,-92.0846807573942,-22.537010316401307,112
1350,-32.59857728594645,15.945889122360953,107
1351,-82.50966908521946,-35.066702843455275,84
1352,-40.0193744949076,-28.81197834629984,87
1353,-22.852731327514828,-12.252410776385915,100
1354,-47.847218426191446,-23.616453192351443,88
1355,-98.98401793482816,-53.47468508446112,106
1356,-105.39664727116494,-87.92149546602039,104
1357,-33.97794586891562,7.8804555505068095,100
1358,-33.00870759706396,3.520317607757079,90
1359,0.5163639445666242,32.914225344642546,99
1360,-166.42531552866703,-140.41853233865743,95
1361,-46.166749070444325,-31.09603954674536,110
1362,-73.39734296767728,-43.880800397188835,84
1363,-15.030952944629338,-17.801882916974833,82
1364,-69.22010069853529,-88.26285829530012,64
1365,-63.1546689921244,-88.1766712164695,73
1366,-56.38885860762768,-88.52622073526274,70
1367,-58.573857470242714,-81.12598561776055,78
1368,-93.06047750162926,-105.13230152723924,69
1369,-24.50028033667178,-45.54796743499905,65
1370,-54.80227806959483,-78.1702692223269,71
1371,-34.79978752463273,-36.86073938519179,93
1372,-45.56949165857334,-57.56134716674429,68
1373,-53.34162677793384,-76.52191836588786,71
1374,-9.586272902430416,-44.07518525158753,59
1375,-13.648340697668242,-36.467216069176516,94
1376,-48.77245299337095,-53.65143595319949,86
1377,-56.58605387100957,-72.26203280126083,93
1378,-44.120576960475105,-64.82686894031359,87
1379,-95.79969312642608,-73.36070104706836,113
1380,-22.649730697020555,-34.19620677034571,67
1381,-53.71320696143599,-62.996465575445605,79
1382,-45.86525699789058,-47.94790832758272,92
1383,-69.55949969413967,-90.59143336096368,91
1384,-60.112396141014855,-83.36771454742919,88
1385,-39.311729278270406,-71.52330885600165,56
1386,-28.827090926728083,-34.6403777622417,76
1387,-54.64582028225458,-73.87882159762587,71
1388,-74.74977440310558,-101.87806061024249,82
1389,-54.98575756142033,-81.75444341216017,90
1390,-80.9251217718456,-119.22429643548786,78
1391,-55.668114720247765,-96.23937116633152,74
1392,-30.267774351309505,-92.58323565144714,57
1393,-46.30637946885045,-82.18942338869637,90
1394,-16.46541638672835,-39.3342749437123,64
1395,-36.862858892269905,-85.126840902904,55
1396,-43.467220768098805,-83.93863034064958,84
1397,-84.76363327230804,-98.01723662663915,100
1398,-60.73687884999978,-88.0888731878549,86
1399,-48.690195529547594,-52.63145078310001,95
1400,-52.08965536408219,-81.80630294591828,75
1401,-69.59728054756782,-124.77211437403288,76
1402,-51.89530087439335,-80.97062283963672,73
1403,-62.16217371894722,-62.376678891243806,81
1404,-48.3314141893349,-78.45877755735866,65
1405,-48.36402001209585,-90.83867777152565,67
1406,-49.766732910270946,-81.06763019668178,62
1407,-55.64672013743155,-75.008656395482,76
1408,-62.93893975645324,-59.283061399547734,80
1409,-72.92870961073788,-61.923031322853504,94
1410,-44.362863489126426,-69.27512329693556,61
1411,-19.943060854034158,-29.998727356846643,65
1412,-69.91872689070556,-85.43624223048072,92
1413,-57.53765496193709,-68.25123722082529,68
1414,-58.20200389365624,-27.58834555064996,112
1415,-63.78228482510876,-46.930372896216596,103
1416,-68.81119544962915,-72.54294669368863,77
1417,-41.59128806779215,-14.658315826468765,88
1418,-60.20772242244236,-54.75779958973201,80
1419,-73.88801144028596,-66.84648194426697,109
1420,-130.7567968950631,-99.75549040608443,108
1421,-85.40826043664103,-88.5944294753338,81
1422,-100.12819428032806,-89.81179949111606,100
1423,-53.53652351342565,-51.87777190023191,73
1424,-86.44295081422442,-93.85433398772874,102
1425,-48.7885175579252,-59.99236235791619,69
1426,-45.96684547248337,-62.777536828776164,70
1427,-53.27758388918389,-74.18747163688484,70
1428,-38.49384045523171,-50.85496924767206,75
1429,-54.649274292698465,-57.404053368002806,75
1430,-84.57784733197165,-43.662309419972004,124
1431,-51.18800673956693,-38.44041468711242,82
1432,-92.57891155877458,-50.10113545655621,112
1433,-64.70941414624338,-60.15426234134384,80
1434,-77.50048664586876,-54.877683194649826,83
1435,-48.185559107465735,-34.30920250667192,83
1436,-67.82804608227565,-60.56782856829769,78
1437,-61.68326561635211,9.326574159224435,118
1438,-72.44047923406535,-0.7334541581952294,115
1439,-18.70633255200773,-9.519211851442208,71
1440,-39.506768666963836,-10.631803542374385,85
1441,-50.31853641489148,-32.47390151735617,74
1442,-32.872008494069306,27.19401727223027,119
1443,-112.14342402818221,-11.297170794516106,130
1444,-84.59836958925638,-59.54673304458218,98
1445,-117.30844477736267,-15.746474441591417,120
1446,-111.876090778162,-44.946907394655426,104
1447,-240.60567852796316,-125.16438106678508,131
1448,-46.77698826611779,60.4845644876832,145
1449,-117.85306357706523,-51.73297337806184,107
1450,-126.03582678906979,-61.6979732936886,120
1451,-120.10703088225799,5.882951385448578,145
1452,-105.2645486503511,-7.536822608201135,114
1453,-147.22660416747112,7.974622236360759,162
1454,5275.153382744061,276.6035403014356,206
1455,-248.2332861848626,-91.61909614248802,144
1456,-260.3179163616815,-111.88192520359313,149
1457,-196.48768034760027,25.005105335701288,207
1458,-246.39421903969716,-60.32173141605699,157
1459,-193.535155249999,-56.306117021430225,145
1460,5208.123018258642,253.09441858947696,249
1461,5172.138974738804,234.4377126808555,389
1462,5269.568445168867,210.72851600232474,213
1463,-218.54880266609842,-51.829445000552596,163
1464,-141.85489126417175,40.17284775246702,147
1465,5224.587213477315,205.07697128375293,389
1466,-148.93464363497333,-39.85222176015802,143
1467,-150.68218385385774,-13.424607704802213,140
1468,-193.05303880965926,-13.491404689000476,172
1469,5070.464936542175,169.5464423222205,318
1470,-395.16469519977784,-103.21784870252019,274
1471,5143.177422836823,253.14097097400838,290
1472,4947.526768287532,156.49251670347564,410
1473,-328.343356195777,-50.83364419514426,218
1474,5181.921770040619,233.22293681252583,297
1475,-295.14592146595606,-29.761731199648295,196
1476,5063.293524399825,208.00576489923793,317
1477,5253.853170138559,280.7278226378405,220
1478,5145.883538201954,258.51772721507643,318
1479,5266.992931788101,243.6086954813974,285
1480,5065.501327935177,172.7568369080193,333
1481,5203.067808604875,219.30052983397582,277
1482,5162.4687345721795,191.36536339048502,402
1483,-240.76132727678208,-41.42190949144711,171
1484,-151.51287288952668,33.367899104947554,168
1485,-292.76032174621764,26.465810209353037,246
1486,5232.111611816146,229.84317212987864,560
1487,-215.6056332472836,-9.060925139114161,168
1488,-252.1128461434184,-91.16411556431518,157
1489,-251.87151478933674,-47.640455533357766,179
1490,5247.565891313341,280.50604458866553,353
1491,5151.1976861960275,210.56884951478017,364
1492,-425.02840765565423,-154.0538055387539,201
1493,5186.057063375355,190.4552300083938,477
1494,-233.27430804588607,-41.09927188491521,155
1495,5262.499389258406,267.89318195562475,304
1496,-290.6249681723885,-118.28059321577793,158
1497,-447.8495816120274,-138.7306451498243,236
1498,5266.398462378789,275.232558970728,295
1499,-227.19493067582616,27.254148684185267,196
1500,-222.8239215996858,-41.87781099122097,148
1501,-304.22750157945563,-112.16358630813646,166
1502,-222.4849333533047,-80.80715006406244,156
1503,5185.136620314875,246.81723483715075,320
1504,5255.353224930888,200.18139536577343,263
1505,-289.84708960708554,-58.63685632106801,192
1506,-464.90961311803795,-71.5529638252986,259
1507,-534.4477714963411,-98.91378647491983,292
1508,5064.427388374261,196.9834558656058,386
1509,5129.602881571269,177.94762970535834,347
1510,-360.4424927521615,-1.786207283353889,259
1511,5337.130480787479,195.81611416274268,259
1512,-351.5350463443732,-31.498626677262692,240
1513,-351.31389816101364,-91.17905799890278,190
1514,-261.6779327895539,-54.61393854360571,169
1515,5188.949120065906,180.57200175483408,389
1516,5030.44278574692,164.76888800273883,422
1517,-571.9579065947019,-68.59935410158369,327
1518,-549.009685705315,-95.76513069322364,318
1519,-468.81788358167717,-43.66279456961759,319
1520,5490.963219132347,278.7281941786098,220
1521,-133.89664955122942,0.4664280865355437,129
1522,5343.807906455611,234.83945819643384,314
1523,-455.7254075702249,-112.84943885508864,263
1524,-280.52133433507146,-27.123256832098946,211
1525,-310.66444235449273,3.7549682408963747,213
1526,4795.709030632203,127.69165271169017,580
1527,-606.5737270894073,-259.7149269070004,249
1528,-415.98520324071035,-58.945193011893124,252
1529,5240.892637554692,236.14014117882007,316
1530,-270.3316806365968,-86.98918391682142,148
1531,-484.4475303225044,-84.66463357302838,281
1532,-501.2881336684027,-90.66014166778947,304
1533,-545.3159446855155,-107.41849830635613,313
1534,5384.089814925377,193.10004318175507,458
1535,-121.98115740614264,-56.71038143635069,90
1536,-274.72192766990275,-13.387521939485652,191
1537,-232.24181729487984,-43.21320878851158,173
1538,5346.423052024134,224.79877711531645,299
1539,-319.70379832107756,-257.2598311776243,107
1540,-269.7966095520714,-123.14042858441628,145
1541,-333.35831478236554,-149.60405656897862,171
1542,-355.049055780701,-33.38717656857415,238
1543,-264.8888621262974,31.178872838532584,221
1544,-280.69372400934486,-29.32178188095402,216
1545,5347.570690526427,253.2791920625817,310
1546,5241.397326850102,194.0587073327392,403
1547,-261.67989948385355,44.937818495328315,228
1548,-416.23744856146817,-35.168718974868895,270
1549,-245.64841557538102,-220.78815628523353,101
1550,5120.174583882272,224.15070729115203,471
1551,4465.566677836392,153.64222406942642,876
1552,5236.608603771479,238.5977408722308,406
1553,-305.72575149809234,-180.94654980026013,142
1554,-1153.8025382209382,-400.84593378919516,460
1555,-546.8145552733679,-71.26766204317433,298
1556,-628.1409167807607,-107.47391285607176,345
1557,-1017.4574724706262,-242.04847139117433,477
1558,5094.179899386025,221.1106841548003,483
1559,-782.1879990260691,-157.05325216101247,377
1560,-297.5559913786149,-35.2842867270915,251
1561,5044.665737950858,207.64725059994777,700
1562,-752.9652188244955,-126.23025912040767,416
1563,5334.416549036071,194.00592561061325,339
1564,5355.374697532156,260.56606647249225,333
1565,-840.8569818840953,-145.3923379497434,434
1566,-919.9962322934387,-169.93587556942407,443
1567,-862.4956515566622,-168.5324703748359,400
1568,-573.092424597185,-119.58161498877105,265
1569,-515.1063860440944,-205.4752082284765,212
1570,-683.3980810558741,-151.02495250649906,329
1571,-528.1306220394767,-109.4680900776956,254
1572,-459.5799103478698,-134.428607355828,208
1573,-673.2335296597495,-192.7405302129513,296
1574,-425.9742584901684,-176.4910899905351,192
1575,-791.0961706299045,-188.14123328072557,367
1576,-420.0265038631851,-144.42963253634855,186
1577,-505.9688856741051,-165.0777460180114,248
1578,-273.71699377719057,-130.3897704536189,111
1579,-577.3517948494765,-158.16241934679692,269
1580,-533.1658426717833,-145.86139344658625,256
1581,5159.5029686641365,211.14425118470552,560
1582,4490.038321138197,125.85173647989167,818
1583,-761.83246131953,-190.58255899341287,326
1584,-683.8294046228217,-128.32476359224458,346
1585,-269.63678770585256,-114.79244510335327,115
1586,-832.2659301509838,-170.20297397349947,392
1587,-912.3599124935499,-213.96971903684118,427
1588,-653.3316428875005,-190.6519610963694,292
1589,-1629.5009011823904,-272.37378901761883,768
1590,-1583.600158666377,-269.30232525816757,758
1591,-1927.5306324555609,-65.89716443734312,1000
1592,-848.8875068763173,-211.29745931860657,379
1593,-188.60221246044125,-140.626451157308,104
1594,-690.8489675891676,-170.64165775682667,336
1595,-816.7227327897184,-125.92719207066558,418
1596,5010.4745503521,200.1967446205466,550
1597,-601.6034893511398,-51.1731705629752,326
1598,-500.48915373116654,-96.66485558280073,258
1599,-441.8489836069073,-103.99264085639537,226
1600,-1164.7616500781182,-359.25163959311936,483
1601,5354.268858324148,155.78060688502467,466
1602,-626.191179573179,-45.157590158162094,355
1603,-985.371132571244,-157.93160677466688,472
1604,-413.72946193995256,-87.46060164983908,198
1605,-456.46372542837395,-99.10236998657287,267
1606,-340.6427524952399,-113.37735452454638,179
1607,-1293.2605975230956,-180.5081074912132,600
1608,-725.2628965372985,-46.61049070751734,402
1609,-1168.4246265411577,-240.05953384473435,486
1610,-1267.675987797392,-193.85863991236386,616
1611,-600.6126021686107,-198.79563228546024,295
1612,-750.5157203616095,-260.3011746788671,316
1613,-734.1325805454783,-494.7805634505739,217
1614,-564.9531307770529,-191.6584931489945,251
1615,-730.147984787132,-295.0053295650823,298
1616,-380.5148145262697,-139.3800688498995,156
1617,-685.9975308645555,-61.90200411864683,372
1618,-665.7536252295205,-247.16982762117274,287
1619,-247.42421229056526,-170.08757893941657,119
1620,-729.1086694037601,-255.33732157681763,343
1621,-1194.0763714510927,-286.41480153303746,543
1622,-892.8295511729343,-304.64861202135023,364
1623,-946.446231124488,-101.20268191157577,481
1624,-513.6866380500537,-59.21973809563613,317
1625,-294.4911233451222,-104.052654051162,164
1626,-747.8059798577425,-130.8500659063967,366
1627,-397.55346655939326,-123.77243355894049,199
1628,-640.4553286914218,-134.12112630191908,315
1629,-653.9611226723042,-134.33280583052945,297
1630,-425.58433133936245,-112.22131413385507,199
1631,-685.4486379552183,-75.3246618166661,366
1632,-722.9322495701856,-85.17159218915754,407
1633,-805.5051249344206,-192.43822027289315,344
1634,-439.24724984506514,-126.42709443307054,202
1635,-547.3242850259667,-78.71841599885991,325
1636,-523.247611291175,-159.86001092597732,240
1637,-938.1282444142507,-368.2193621400191,349
1638,-404.37477931699993,-79.86512818371986,229
1639,5700.949267341982,225.0441416215691,320
1640,-291.94996486582545,-56.76339645806098,177
1641,-252.46583236628845,-43.379710998897636,167
1642,-248.4396247260679,-168.05615926943227,121
1643,-110.88353119244731,-62.464966913504085,83
1644,-473.65756674783194,-84.67209096329799,254
1645,-400.6247197838867,-108.78311078107922,186
1646,-404.99183048288995,25.886578523962868,268
1647,5824.5211900831655,265.10444044046204,250
1648,5832.359272118955,262.7784944612869,226
1649,-239.95845853063082,-166.91144391768418,113
1650,-201.08084153193752,-218.11594112234667,94
1651,-355.7231311346097,-68.08331583037297,226
1652,-184.26343608646857,-144.73564232702836,88
1653,-377.4502514988952,-202.75357199065598,184
1654,-468.31769935784655,-113.56205196215353,236
1655,-734.5964179595301,-98.6990448650576,388
1656,-472.6348783498788,-177.63407713475206,209
1657,5808.638907513709,222.49502804665462,288
1658,5657.449158482888,199.22644130255068,337
1659,-337.1291832520852,-26.01094208238861,234
1660,5770.633016954969,261.1357101927913,271
1661,-279.6653509926902,-29.107510570660352,177
1662,5749.930861808127,232.9580632508929,285
1663,-89.65677639048218,-23.26949991828606,80
1664,-147.05981903126644,-51.475131461081396,96
1665,-96.44235737776599,-44.151973055834546,77
1666,-208.98264004907088,10.204548283409054,155
1667,-116.11390011856072,-31.704494912005444,107
1668,-55.1456930179035,-70.61499926623381,83
1669,-466.2265419509128,-46.20752082497502,291
1670,-228.51737894148715,-2.980301422559535,157
1671,-107.56696505870896,-17.14861902429493,100
1672,-443.72070113124596,-74.18656751551522,259
1673,-350.2460683178635,-44.24022434767697,225
1674,-374.1376544405191,-102.38709491047018,191
1675,-349.59300474853507,-20.581275788396084,238
1676,-395.44447441485045,-145.5179316603137,260
1677,-152.42231647302853,50.834438276442825,140
1678,-198.0771921361044,29.96397914415047,160
1679,-269.44187058631906,-21.74880830009343,202
1680,-146.78702276487277,-7.772355343433276,127
1681,-673.041425346333,-262.30260945489556,265
1682,5823.990703198453,248.9373595381423,273
1683,-356.95500189349156,-7.947088458900851,229
1684,-692.2178033087603,-102.69785057630526,367
1685,-365.44436243719684,-24.278432826448892,213
1686,5756.057812696728,254.64695241394202,309
1687,-379.69094499684206,-65.4434921648956,190
1688,5536.2669197052455,200.97405078110268,545
1689,-913.1277934286065,-199.41889716810127,426
1690,-779.1650474659909,-33.89975232192728,439
1691,-633.2515534839514,-93.71135187801801,320
1692,5838.77948451732,271.2129503515513,289
1693,-532.8194985176535,-198.38875843451513,252
1694,5700.013637251423,218.3055228352098,330
1695,5608.291605116559,182.77562631588617,407
1696,-382.37231215762057,12.284220223000062,255
1697,-546.8908334605725,-103.63614738928943,285
1698,5738.506813772163,233.2852119835008,322
1699,-742.1120583175368,-259.2066217635829,341
1700,5759.284869274285,222.65934311222276,397
1701,-116.20850048855358,-82.6121142549643,84
1702,5891.721275725938,226.51965554682548,303
1703,-553.5052191611021,-100.91696511055028,283
1704,-262.3811274990227,-75.16792826477209,336
1705,5929.485952685729,258.5542310639304,272
1706,-529.5982640000491,-135.28321472332692,229
1707,-120.26879970215836,1.4521421908487895,102
1708,-566.0107138228707,-177.25920615438724,230
1709,-437.2965898367393,-128.93009532025195,222
1710,-242.65848892782336,26.768375787966036,206
1711,-135.63338352966883,-133.5668787523319,92
1712,-134.36666397836768,-103.18052426495832,79
1713,-301.77023501270895,-24.600045954158134,195
1714,-337.15361588099177,-82.2601853326203,158
1715,-224.83246176503485,-3.12018499495683,149
1716,-499.08482244457946,-105.89450823994017,262
1717,-186.21098207011292,32.54763181586756,169
1718,5964.753000255549,245.18465982307924,268
1719,5936.836618828656,219.57498391661898,309
1720,6032.016599844079,270.9385120392281,217
1721,5978.336432960094,248.4804290251491,243
1722,-227.0030514809407,24.922681315248923,198
1723,-591.9233318862327,-166.78658043432569,260
1724,-336.5767948129289,13.814092488792298,216
1725,-402.1019879585205,-127.55970972456294,176
1726,-379.47867538407445,-109.34312938020942,167
1727,-144.63448904625335,-14.15125053171623,111
1728,6148.086409941657,283.20540108795,271
1729,-295.4861603867183,-37.716296653394664,187
1730,-222.4068679218202,-59.919858833553775,141
1731,-66.13629474273134,-96.63453104085,89
1732,5965.682452279181,165.94398421802433,274
1733,-287.8030258917272,-57.805722074397764,173
1734,6191.790497093881,276.87927189495485,216
1735,6023.46929155315,254.50567998826216,278
1736,-233.97176837172967,5.783323188412282,190
1737,5913.225487597001,155.2038570984165,323
1738,-87.08362388863578,-87.9380048616659,75
1739,-380.22683114851765,-73.1467827709082,204
1740,-106.94926839693014,-80.60114293904294,72
1741,-364.4683957423861,-72.69720580725956,210
1742,-107.6079126229179,-83.00508946773425,86
1743,-122.18196003786707,10.406573564274083,128
1744,-572.1714740483003,-87.23725665505042,330
1745,-79.39892617034646,3.1761626291001477,115
1746,-333.34480372069385,-108.58517076258022,152
1747,-348.6729697463164,-118.31735338193698,168
1748,-433.8474866019004,-59.15198232936433,220
1749,-236.3404151953159,-9.13911277815194,174
1750,-236.742047930308,-80.52155436481848,135
1751,-143.2570398195675,-22.737455629544755,106
1752,-19.092993978164138,-0.47430419438320826,70
1753,-75.44745187348587,-35.50558831470076,105
1754,-227.64149723361473,-25.013502016728552,149
1755,-558.9996383756965,-129.78662207389834,247
1756,-242.6411097798709,-65.81888930173983,159
1757,-100.74336661164494,-23.56810470399067,119
1758,-312.85718383841305,-103.2551702546824,157
1759,-326.6760713422463,-121.41996239268524,140
1760,-211.65625870920832,-61.29486948943015,119
1761,-102.02151744857768,17.311605762514944,123
1762,-152.80980645397054,-30.777288143910766,112
1763,-431.4894074531351,-93.52232681759104,213
1764,-321.1788565025666,-119.74115018373357,156
1765,-130.817189887259,-15.924707777109816,100
1766,-426.1168994582345,-152.93810213228446,344
1767,-94.23494851102056,-21.120744866073906,82
1768,-406.7389945467185,-65.09960242247823,199
1769,-363.305701459888,-96.69180422701997,187
1770,-332.7049559732506,-83.63500896480551,178
1771,-145.62236781620066,-9.215332300469,119
1772,6339.945368409716,268.2618394756812,276
1773,-466.0020075405172,-106.56759196322325,223
1774,-54.36316630476175,-12.400032549164933,74
1775,-361.45330598751076,-78.05477477850667,207
1776,6130.538238264758,147.31670695814458,268
1777,-110.69064916744392,2.810950040213413,104
1778,-415.15028025165793,-101.52187983924674,177
1779,-332.63528253375426,-93.91646546231979,153
1780,-379.38330995031305,-113.14890530468243,194
1781,-211.4017982100491,-46.47226537506586,137
1782,-55.235285461625345,-36.62429021858513,73
1783,6284.9529036849335,205.48013950799353,252
1784,-222.61405965353492,-125.83345141311226,141
1785,-308.40217126918986,-58.309818828570606,145
1786,-316.10565741045167,-91.77218819456789,170
1787,-367.90637636113485,-91.97968521379046,198
1788,-324.7224829787933,-67.75263363886206,191
1789,-286.84332174496006,-53.45546537961938,157
1790,-85.41810963842738,-44.962999403060444,105
1791,-139.63334250049792,35.756611640147185,140
1792,6297.494254903072,219.7626659079138,244
1793,7.050034691610389,48.28671576062192,114
1794,-175.07370362607796,-55.525468374174366,132
1795,-128.87219689341262,8.29839941198189,131
1796,-41.835669615726424,-70.59623634763172,85
1797,-195.03600485292293,-50.80463696182895,110
1798,-132.90217527636747,1.4756231966685789,112
1799,-114.85575428284582,-43.134122633138404,107
1800,-127.36094090891531,-7.29338048700734,118
1801,-99.53783703447263,-8.289897914636782,108
1802,-55.94538975155287,-64.81421073513255,71
1803,-82.77733475534428,-49.670529786363375,70
1804,-94.87812684205886,-65.31952444374141,91
1805,-64.48920721605654,-105.283941789149,89
1806,-57.013738733312245,-20.961921573557703,101
1807,-43.0634746560465,-13.115542209310732,78
1808,-49.14356764566205,-36.95234989175198,103
1809,-69.57596052195228,-47.07117462597246,88
1810,-70.00370342075249,-54.38663517750606,81
1811,-32.91928049073336,-8.185022098481554,99
1812,-47.14995364626389,-32.6005777249282,88
1813,-62.49915094272333,-111.43462074631083,84
1814,-86.8325398665851,-33.36246869650286,89
1815,-36.713330830687696,-52.10428161359427,57
1816,-73.85201662317866,-4.384265336072517,106
1817,-67.83850410477302,-54.71563586087751,88
1818,-73.76781301768614,-18.35605650427256,86
1819,-52.83612047032844,-110.02052325857015,82
1820,-85.97121956939101,-67.23981382834036,90
1821,-99.41635120860585,-89.48463477292532,77
1822,-69.65857832330278,11.2679006162016,91
1823,-148.07185035693985,-51.150424698813914,111
1824,-82.82013495044595,-27.531753107092214,89
1825,-71.45035494624523,-82.02925719724783,84
1826,-67.84691781734364,-69.3739248832473,65
1827,-130.72666483355917,-94.7016045181246,95
1828,-77.48183290010978,-66.49160974862356,103
1829,-79.10960143955015,-45.42001320868171,83
1830,-99.51371481007834,-23.6458593645784,122
1831,-42.614295992448746,0.8708619954807517,79
1832,-66.04345853713541,-60.749401009644345,100
1833,-91.78702311013738,-44.02140143979524,111
1834,-79.67489055009302,-41.15940423841673,96
1835,-71.73403699538558,-40.270721432324116,89
1836,-109.63972165842722,-60.322623354550274,116
1837,-75.21834518938105,-136.19541265108973,70
1838,-66.50381937947904,-38.154227649301475,88
1839,-80.48068879830527,-11.949266935983843,101
1840,-44.401454122915545,-78.36260450785471,87
1841,-83.06137852121218,-35.20223055864514,107
1842,-88.71116010340809,-43.7837879736592,109
1843,-114.92536166348818,-36.507742064879636,92
1844,-78.973442387767,4.7536974095896625,115
1845,-67.45962788005859,-47.351302177982426,90
1846,-48.914649940998956,-51.83024232360066,63
1847,-66.64196255946882,1.6127628634192348,109
1848,-66.59640839413773,27.80706004121049,87
1849,-165.89532809998863,-24.98424445845167,125
1850,-120.28896186101932,-5.382619597534713,121
1851,-91.84022987013289,-10.850049352059273,101
1852,-52.510144853985835,12.131223444310336,83
1853,-134.9714567108747,24.690907453821694,126
1854,-110.47892570430955,21.247129203132687,140
1855,-98.13127962162976,-5.239100858007646,97
1856,-117.78849132864454,33.886414868602174,118
1857,-103.91410256555189,4.663931751793143,100
1858,-60.04847354366221,25.065477394457133,117
1859,-119.88279803516431,-17.462785286529282,130
1860,-165.1908479132729,12.471558852469087,135
1861,6572.52522041941,244.39564898504796,331
1862,6564.334156471388,248.2315309847759,201
1863,-122.80347708540404,13.43888227206699,115
1864,6548.745917639499,251.69805236313027,200
1865,-122.78753965002491,46.8994330783151,125
1866,-249.14282593220426,8.939387567746735,165
1867,6408.653693639918,188.9233260369976,353
1868,6594.857141108654,265.29010177070177,225
1869,6564.52833325698,260.68330410307163,229
1870,6599.324966099473,263.81918779962257,234
1871,6534.038553253144,212.63118741555132,223
1872,-186.98331310943672,30.174193093710358,143
1873,6527.250706525325,200.09929895451157,287
1874,-239.13196002955277,10.473350016769558,176
1875,6600.426091111056,268.69694214750086,272
1876,-67.98293581800411,-79.82649849940745,80
1877,-109.44307359551716,25.066577883483745,112
1878,-152.7860914551857,21.951083990488343,131
1879,-135.9064738614131,-83.4775163179306,76
1880,-456.2850232670837,-219.5664969376642,260
1881,-141.60413283738518,-70.50235864865098,100
1882,-120.60152565757325,-55.17237230504183,98
1883,-63.72131897799341,10.833335945929647,98
1884,-165.10518847297598,8.896032961520547,132
1885,-206.04761700178346,45.23626248672281,185
1886,6615.267189714787,245.8271188015599,205
1887,-273.50585504460173,-160.22834235134928,116
1888,6730.382139748114,234.5785105759743,203
1889,-180.63161035132748,-16.695067460996427,116
1890,6591.099119276173,258.4812269340298,238
1891,6710.428719590562,262.99037438149884,183
1892,-275.78967703384103,-31.77478198663151,173
1893,-231.8719294470966,-0.07886993543343124,158
1894,6614.512722280582,269.65196736497785,320
1895,6695.180878966204,285.53419334695104,208
1896,6722.248265866994,275.05164800666716,443
1897,6667.3271142020285,241.79578179675906,202
1898,-106.71945263198309,34.76579928196057,127
1899,-179.06097520794697,-14.412621238835698,139
1900,-62.9878878834873,16.769245534643787,88
1901,-197.83905921718275,52.543317140996095,180
1902,-155.86867810573156,-28.72598137358159,104
1903,-181.56584032279326,8.733994779427206,146
1904,-340.5547205302593,-160.5652459834654,147
1905,-160.92927328921436,-134.7811256741856,82
1906,-138.76869470773636,-97.37502365034126,96
1907,-113.1525031692492,-81.88800405225153,83
1908,-124.11226050604132,-86.14154409884735,86
1909,-136.19327896531314,-72.05497223119276,96
1910,-82.03397699755442,-23.157300400167316,80
1911,-69.7058536151699,-77.26698253512939,72
1912,-66.17897828673514,-73.65799121704916,68
1913,-139.37217117300253,-78.53599080660356,97
1914,-146.4350487300492,-84.2938475739017,86
1915,-111.53734287922146,-67.91541066473178,104
1916,-85.5278782448708,-46.17166788051168,83
1917,-105.84943962126556,-116.36754001230001,81
1918,-101.5852972172654,-128.61875737854191,78
1919,-90.86145162109466,-108.76894743310882,66
1920,-90.7891614614146,-98.20372501890985,75
1921,-88.82486509462892,-119.52722880817097,65
1922,-106.94809291840255,-114.43973573359439,79
1923,-104.7318971213986,-89.20902877205799,93
1924,-88.24387045940756,-77.07091881721439,74
1925,-110.46669476829045,-71.69029526241539,76
1926,-101.51711832924447,-64.99352967033568,107
1927,-110.74714356489635,-82.32319841660791,109
1928,-107.04459421514537,-67.31942188264551,77
1929,-269.93205098834767,-204.48661774047324,82
1930,-153.8400122302665,-100.6164079616856,85
1931,-119.91079923491745,-141.86669972777435,74
1932,-84.158884935432,-72.60224135793383,91
1933,-125.28732836681925,-106.11525717588812,81
1934,-68.43478581900196,-77.02892217095007,65
1935,-147.59242572788654,-122.2186275118688,88
1936,-149.4375615179231,-150.40850331327397,83
1937,-35.74763234255532,-21.014879635352273,108
1938,-168.52629435742324,-185.94124500219888,73
1939,-118.41194744134297,-87.59943300856774,104
1940,-176.5908753596873,-136.224407215263,101
1941,-156.12758931517965,-139.87644646361855,84
1942,-122.15731966868613,-92.95765189887095,81
1943,-105.06821298781102,-79.72308304592725,71
1944,-108.08950480405763,-56.994747349711325,79
1945,-95.70986857438952,-61.848405075872904,70
1946,-88.0706603515168,-26.40381647998936,97
1947,-95.93866190153145,-60.12569255679493,75
1948,-185.00724261753686,-132.28762265791403,87
1949,-202.70226891393236,-167.45994243613336,114
1950,-96.36077783745945,-84.78266612613645,106
1951,-146.18620476756777,-129.3449818420405,80
1952,-165.14463198392798,-124.88074242369954,99
1953,-167.2497044784339,-99.44684564244132,95
1954,-168.0533921574379,-128.7283278154389,109
1955,-120.21033909708225,-43.98119231237965,83
1956,-137.77617793900126,-84.25956349965358,99
1957,-125.83072553658546,-90.84387369516855,93
1958,-103.57229450403725,-84.25191834535183,84
1959,-113.23325578197986,-42.61002346094722,98
1960,-123.83906663415473,-137.10011029311738,67
1961,-133.76008774511618,-125.67054857115545,82
1962,-63.7914644502972,-84.07214948607032,72
1963,-159.22871616489186,-153.28309229222262,81
1964,4.365271695908092,-8.065987586131342,73
1965,-89.73431971172992,-103.69335105579478,95
1966,-87.92502293517717,-69.42990779360132,95
1967,-100.47701699121319,-82.92235231053355,72
1968,-109.9129594181713,-70.19732404575673,86
1969,-103.58171501094188,-139.73791886254222,65
1970,-127.3180599183907,-109.15100620002767,69
1971,-142.82027166605835,-160.9395366115064,86
1972,-70.55164354632625,-28.884579994254025,72
1973,-95.16571124577072,-74.1114512785687,70
1974,-105.5450683237259,-83.91158409151166,101
1975,-100.85440826862416,-82.99937227189102,81
1976,-76.11396189108487,-27.363157020466247,99
1977,-111.00843972637165,-90.4509853666455,80
1978,-97.07160122167738,-78.62432386201945,85
1979,-95.09200500616078,-36.14176832907117,80
1980,-19.807618892410744,-3.33720266463078,102
1981,-77.44583518074344,-99.82881231393665,65
1982,-95.26055999904494,-83.82849028017849,80
1983,-84.853427797482,-95.47912651001958,94
1984,-73.95539757207875,-46.24537936101553,78
1985,-25.655695230906982,11.508490236995797,71
1986,-79.67253266151081,-67.50655280950878,77
1987,-82.72066976797527,-88.36446959359176,67
1988,-87.17532439676127,-52.29791209916485,76
1989,-66.66682343585994,-19.429979507270488,70
1990,-127.28830416052996,-179.07574953522834,81
1991,-35.062603370517365,-20.881425638501256,66
1992,-101.65630894339664,-39.69269058304833,86
1993,-91.19205428942698,-43.28486532732796,74
1994,-52.7823355398796,-17.24292216142065,106
1995,-63.50174101114697,-61.00279366912109,93
1996,-98.34152037130313,-84.41384565176989,88
1997,-84.51070212917391,-105.70117095173593,81
1998,-39.03846283178461,-27.248260815287054,70
1999,-102.96756201298828,-64.2108470645524,94
2000,-28.501177885518715,-91.71298198240036,53
